199991
199955
199931
199930
199922
199905
199881
199862
199826
199818
199811
199767
199757
199730
199724
199707
199701
199688
199687
199661
199653
199610
199607
199558
199517
199433
199392
199360
199356
199293
199286
199282
199259
199258
199249
199220
199204
199182
199153
199128
199093
199091
199073
199071
199066
199050
199047
199026
199023
199010
198974
198966
198932
198922
198921
198897
198867
198863
198842
198769
198741
198704
198690
198687
198679
198663
198642
198636
198607
198575
198545
198534
198516
198501
198490
198472
198463
198459
198435
198433
198398
198337
198334
198300
198277
198269
198260
198235
198218
198185
198171
198165
198144
198138
198132
198072
198003
198002
197931
197924
197921
197913
197886
197880
197868
197859
197852
197840
197806
197797
197791
197760
197752
197722
197697
197688
197685
197651
197641
197636
197623
197605
197587
197575
197563
197551
197531
197513
197509
197494
197493
197449
197441
197427
197416
197409
197373
197354
197326
197320
197285
197258
197225
197200
197171
197154
197151
197148
197147
197116
197111
197103
197096
197092
197072
197022
197010
196977
196976
196970
196969
196955
196912
196911
196903
196900
196880
196845
196818
196807
196803
196794
196766
196761
196760
196720
196634
196593
196566
196563
196523
196496
196491
196466
196464
196458
196424
196422
196400
196398
196368
196330
196287
196281
196257
196239
196206
196170
196138
196103
196076
196075
196070
196060
196034
196033
196023
196012
196008
195996
195989
195984
195948
195943
195879
195848
195826
195825
195797
195789
195770
195764
195736
195694
195693
195668
195645
195617
195601
195598
195580
195539
195495
195475
195445
195434
195433
195402
195356
195339
195329
195322
195320
195313
195294
195250
195231
195209
195160
195156
195154
195140
195128
195099
195091
195090
195065
195031
195025
195001
194981
194926
194911
194907
194906
194857
194856
194849
194804
194780
194748
194733
194713
194704
194685
194659
194650
194611
194588
194530
194514
194470
194454
194443
194431
194424
194416
194410
194405
194395
194374
194372
194366
194362
194358
194355
194353
194349
194284
194279
194263
194201
194161
194148
194050
194040
194030
194005
194004
193996
193986
193975
193947
193946
193945
193924
193913
193909
193905
193902
193809
193801
193785
193783
193779
193760
193749
193718
193717
193690
193659
193634
193614
193588
193581
193571
193532
193507
193502
193497
193438
193417
193411
193375
193367
193353
193342
193319
193315
193295
193290
193288
193261
193207
193206
193195
193170
193168
193164
193155
193142
193139
193119
193105
193104
193060
193035
193033
192938
192933
192925
192890
192886
192836
192795
192794
192768
192755
192726
192703
192686
192666
192650
192606
192600
192581
192569
192544
192499
192487
192478
192451
192448
192433
192412
192397
192395
192372
192365
192280
192271
192256
192213
192160
192145
192116
192112
192085
192082
192078
192064
192062
191999
191976
191961
191919
191891
191865
191853
191833
191827
191746
191735
191730
191712
191701
191691
191580
191555
191525
191507
191498
191496
191494
191490
191481
191455
191430
191426
191423
191409
191394
191357
191320
191305
191271
191268
191225
191217
191215
191174
191136
191133
191125
191105
191061
191057
191042
191041
191006
190998
190991
190981
190964
190960
190898
190874
190851
190843
190824
190802
190788
190723
190692
190688
190652
190651
190649
190620
190604
190594
190536
190520
190506
190442
190413
190389
190386
190384
190370
190366
190358
190252
190234
190232
190228
190227
190200
190152
190151
190077
190072
190054
190045
190040
190029
189920
189901
189899
189875
189872
189870
189858
189806
189792
189788
189773
189745
189742
189740
189735
189731
189715
189714
189713
189700
189668
189601
189596
189595
189592
189536
189534
189514
189479
189471
189448
189436
189358
189349
189314
189283
189276
189226
189212
189152
189134
189087
189077
189065
188982
188964
188941
188929
188926
188921
188905
188899
188845
188842
188794
188790
188776
188702
188652
188648
188641
188605
188531
188518
188492
188410
188403
188373
188355
188271
188242
188191
188190
188182
188167
188117
188103
188102
188070
188061
188046
188013
187967
187931
187922
187906
187894
187887
187858
187839
187783
187766
187765
187753
187747
187740
187724
187720
187717
187696
187666
187658
187626
187612
187550
187548
187542
187531
187526
187516
187514
187483
187480
187458
187452
187432
187418
187417
187401
187395
187394
187378
187369
187365
187335
187309
187306
187286
187271
187260
187252
187237
187220
187217
187211
187196
187173
187168
187142
187138
187125
187107
187105
187104
187048
187030
187011
187003
186974
186971
186970
186930
186883
186864
186856
186832
186815
186807
186804
186788
186783
186773
186770
186736
186691
186627
186625
186615
186601
186581
186571
186560
186554
186551
186548
186546
186534
186489
186470
186465
186463
186454
186446
186442
186401
186386
186368
186352
186345
186340
186337
186335
186334
186293
186291
186281
186275
186269
186226
186220
186213
186204
186186
186177
186171
186165
186116
186108
186071
186046
186029
185940
185909
185907
185869
185809
185774
185763
185752
185744
185725
185683
185679
185678
185655
185635
185624
185604
185564
185549
185527
185500
185478
185477
185452
185448
185445
185434
185414
185409
185367
185365
185347
185340
185339
185333
185331
185316
185313
185312
185287
185277
185238
185203
185199
185197
185195
185192
185166
185162
185158
185140
185127
185121
185085
185080
185076
185066
185042
185030
185018
184983
184957
184892
184843
184829
184811
184783
184751
184722
184703
184693
184680
184627
184621
184607
184597
184568
184557
184539
184513
184501
184500
184492
184459
184438
184436
184365
184361
184332
184274
184271
184262
184258
184257
184237
184230
184218
184213
184186
184163
184160
184154
184147
184144
184076
184065
184064
184048
184034
184033
183972
183957
183951
183863
183855
183853
183840
183825
183823
183804
183781
183767
183764
183740
183719
183709
183695
183692
183690
183680
183676
183664
183636
183632
183628
183611
183603
183594
183587
183554
183531
183515
183462
183452
183434
183384
183375
183374
183366
183356
183307
183295
183292
183290
183226
183214
183213
183196
183195
183190
183187
183185
183177
183171
183146
183139
183103
183101
183085
183055
183039
183028
183007
182979
182962
182957
182943
182929
182927
182896
182890
182859
182852
182837
182833
182813
182704
182643
182618
182596
182595
182567
182538
182534
182524
182506
182499
182447
182378
182369
182335
182324
182302
182245
182234
182221
182219
182161
182136
182050
182048
182039
182034
182021
182004
181992
181938
181936
181928
181916
181908
181906
181901
181898
181895
181875
181868
181857
181853
181842
181825
181823
181807
181803
181768
181740
181708
181702
181686
181668
181660
181649
181645
181635
181633
181613
181602
181578
181572
181476
181463
181445
181423
181416
181344
181315
181267
181250
181248
181236
181180
181172
181144
181141
181131
181128
181102
181053
180981
180980
180976
180953
180904
180897
180891
180888
180876
180861
180810
180789
180774
180767
180759
180751
180743
180738
180730
180726
180693
180669
180654
180650
180626
180622
180574
180530
180510
180509
180495
180429
180403
180368
180355
180347
180324
180299
180290
180276
180265
180249
180101
180087
180081
180079
180060
180051
180049
180042
180027
180004
179999
179982
179972
179956
179947
179915
179901
179894
179877
179821
179815
179801
179797
179795
179777
179751
179748
179702
179670
179619
179590
179569
179555
179550
179540
179539
179537
179524
179476
179470
179439
179422
179407
179398
179397
179391
179389
179343
179341
179249
179238
179235
179230
179189
179164
179147
179078
179032
179022
178973
178949
178939
178922
178919
178882
178876
178874
178812
178806
178790
178781
178766
178720
178705
178698
178697
178680
178679
178657
178580
178565
178538
178521
178519
178513
178468
178443
178440
178428
178421
178414
178399
178394
178384
178299
178282
178273
178245
178231
178222
178185
178159
178145
178129
178117
178085
178080
178044
178023
178011
177976
177966
177958
177957
177935
177894
177881
177875
177854
177845
177841
177798
177760
177756
177696
177688
177681
177669
177651
177644
177628
177627
177621
177612
177587
177586
177581
177571
177565
177558
177438
177422
177411
177396
177361
177289
177253
177241
177225
177224
177206
177194
177175
177142
177124
177102
177089
177076
177074
177068
177019
177017
177016
177014
177012
177000
176994
176987
176968
176964
176955
176941
176929
176920
176905
176887
176839
176838
176817
176793
176780
176757
176756
176659
176644
176640
176615
176607
176587
176515
176480
176396
176378
176362
176339
176324
176323
176312
176302
176277
176270
176269
176254
176230
176223
176210
176189
176087
176074
176062
176059
176052
176037
176014
176004
175999
175997
175993
175980
175895
175891
175885
175878
175873
175836
175833
175803
175802
175778
175759
175738
175734
175730
175719
175713
175710
175705
175700
175673
175613
175600
175585
175583
175548
175528
175523
175514
175497
175495
175480
175434
175424
175412
175351
175350
175311
175297
175279
175274
175258
175196
175169
175168
175165
175161
175156
175143
175130
175124
175092
175069
175065
175059
175035
175034
175022
175003
175001
174960
174958
174948
174932
174896
174894
174891
174857
174840
174831
174827
174822
174819
174815
174812
174791
174785
174762
174741
174683
174630
174610
174601
174596
174594
174583
174568
174550
174539
174522
174519
174504
174472
174464
174460
174444
174380
174377
174353
174328
174319
174318
174190
174156
174131
174121
174117
174108
174088
173985
173954
173934
173914
173913
173911
173873
173854
173842
173804
173775
173737
173666
173644
173636
173624
173620
173619
173611
173394
173386
173377
173259
173249
173168
173152
173123
173114
173109
173098
173054
173046
173042
173020
173011
172970
172955
172931
172929
172923
172912
172902
172839
172835
172810
172785
172748
172747
172740
172714
172693
172662
172653
172649
172646
172638
172628
172591
172555
172551
172531
172511
172505
172492
172482
172480
172467
172461
172446
172416
172386
172379
172374
172365
172364
172360
172359
172357
172329
172289
172259
172203
172193
172097
172091
172083
172071
172064
172031
172012
171973
171959
171954
171907
171901
171896
171892
171867
171848
171832
171773
171765
171756
171750
171744
171730
171716
171715
171696
171683
171658
171636
171623
171617
171589
171585
171556
171546
171543
171489
171462
171455
171421
171321
171298
171297
171291
171278
171273
171259
171252
171237
171155
171132
171119
171107
171099
171086
171078
171036
171032
171026
171014
171003
170995
170975
170974
170944
170885
170837
170822
170812
170806
170799
170772
170762
170758
170740
170694
170656
170647
170634
170621
170617
170606
170582
170529
170486
170435
170424
170412
170371
170346
170336
170328
170301
170298
170295
170277
170270
170253
170247
170172
170170
170159
170155
170147
170133
170129
170123
170083
170080
170051
170044
170026
169984
169973
169926
169921
169910
169908
169869
169863
169845
169835
169803
169757
169720
169716
169712
169710
169691
169655
169627
169626
169623
169601
169594
169583
169542
169526
169499
169491
169475
169432
169395
169371
169342
169338
169320
169315
169311
169302
169278
169271
169270
169256
169247
169246
169234
169221
169207
169193
169188
169107
169092
169087
169007
168969
168960
168950
168933
168932
168930
168916
168908
168850
168840
168821
168819
168812
168761
168759
168742
168703
168620
168617
168598
168590
168580
168571
168514
168466
168446
168400
168396
168390
168350
168340
168281
168265
168260
168254
168243
168235
168230
168225
168219
168157
168141
168107
168106
168090
168079
168076
168059
168033
168002
167973
167946
167928
167860
167806
167795
167770
167748
167724
167713
167700
167682
167632
167630
167616
167609
167590
167552
167531
167520
167455
167442
167424
167378
167366
167360
167351
167326
167319
167306
167300
167272
167230
167228
167222
167213
167212
167204
167146
167074
167058
167047
167041
167033
167026
166955
166915
166910
166885
166864
166845
166834
166806
166783
166764
166760
166726
166684
166677
166648
166627
166617
166606
166601
166599
166523
166490
166473
166465
166459
166451
166439
166422
166417
166407
166406
166388
166373
166331
166306
166299
166288
166275
166268
166263
166258
166243
166198
166192
166190
166096
166054
166052
166050
166039
166002
165963
165877
165864
165853
165841
165799
165790
165789
165783
165780
165773
165760
165746
165721
165655
165642
165627
165619
165618
165612
165606
165593
165574
165548
165546
165540
165533
165514
165504
165502
165493
165458
165432
165431
165420
165399
165370
165345
165326
165310
165301
165298
165292
165280
165265
165245
165235
165229
165227
165200
165178
165143
165137
165135
165128
165105
165085
165082
165078
165076
165047
165041
165030
165017
165000
164943
164934
164930
164909
164863
164832
164812
164808
164783
164766
164727
164714
164668
164663
164653
164643
164634
164632
164610
164600
164556
164547
164544
164537
164523
164487
164462
164455
164438
164423
164380
164345
164338
164332
164284
164261
164260
164257
164217
164214
164208
164203
164178
164168
164158
164088
164086
164058
164054
164027
164005
164002
163999
163991
163983
163973
163938
163903
163876
163856
163847
163833
163780
163771
163727
163706
163667
163633
163609
163565
163548
163545
163484
163441
163437
163396
163361
163293
163276
163253
163236
163197
163196
163161
163158
163148
163143
163117
163066
163056
163002
162992
162991
162972
162933
162879
162860
162850
162808
162789
162769
162760
162751
162748
162745
162726
162717
162691
162681
162629
162567
162533
162531
162514
162477
162473
162459
162428
162358
162327
162308
162265
162241
162227
162147
162075
162041
162032
162023
161955
161936
161911
161890
161864
161853
161850
161844
161835
161790
161754
161746
161686
161648
161630
161586
161545
161515
161507
161499
161467
161463
161421
161414
161390
161372
161355
161352
161327
161300
161293
161289
161270
161230
161226
161221
161220
161212
161174
161171
161167
161161
161159
161151
161102
161098
161096
161089
161082
161045
161038
160990
160979
160976
160955
160952
160935
160901
160889
160888
160850
160796
160783
160781
160755
160753
160742
160716
160696
160695
160693
160648
160646
160642
160640
160616
160610
160606
160593
160584
160567
160546
160523
160513
160461
160444
160424
160413
160397
160374
160370
160352
160348
160344
160338
160328
160318
160221
160185
160173
160126
160119
160116
160115
160071
160028
160016
160013
159968
159954
159941
159929
159921
159871
159843
159832
159805
159804
159780
159677
159648
159647
159643
159635
159613
159532
159501
159467
159463
159461
159456
159432
159417
159379
159353
159347
159285
159233
159188
159162
159153
159119
159091
159074
159039
159033
159010
158998
158994
158990
158978
158975
158968
158964
158963
158958
158948
158908
158885
158880
158878
158857
158849
158795
158757
158752
158749
158719
158708
158675
158666
158640
158602
158570
158561
158509
158493
158481
158473
158458
158445
158415
158385
158354
158333
158329
158326
158305
158303
158286
158273
158271
158270
158229
158198
158197
158129
158127
158104
158092
158085
158060
158044
158033
158024
158018
157983
157962
157920
157908
157888
157877
157873
157868
157828
157818
157816
157795
157789
157754
157710
157697
157696
157614
157613
157600
157584
157580
157561
157558
157550
157524
157516
157504
157393
157368
157357
157267
157204
157197
157164
157156
157118
157085
157012
157011
157007
156970
156942
156924
156911
156898
156883
156809
156781
156764
156733
156642
156612
156603
156591
156580
156548
156536
156530
156527
156483
156477
156460
156446
156411
156394
156385
156315
156293
156292
156285
156265
156251
156243
156228
156192
156177
156154
156147
156142
156134
156117
156100
156063
156033
156015
156011
156008
155978
155916
155909
155908
155847
155846
155844
155794
155791
155763
155754
155750
155706
155704
155681
155664
155661
155657
155640
155604
155582
155580
155574
155554
155545
155535
155524
155523
155499
155491
155474
155463
155460
155454
155439
155430
155407
155366
155360
155357
155229
155208
155136
155113
155104
155101
155100
155095
155089
155087
155035
155027
155011
155002
154995
154983
154960
154952
154946
154938
154937
154933
154924
154899
154883
154868
154858
154815
154803
154798
154781
154755
154737
154723
154693
154684
154654
154641
154605
154589
154583
154520
154516
154503
154501
154474
154468
154459
154437
154427
154411
154396
154391
154382
154302
154276
154260
154252
154250
154232
154222
154193
154161
154147
154146
154127
154122
154062
154026
154017
153995
153982
153953
153855
153847
153842
153759
153722
153687
153684
153664
153648
153628
153617
153601
153559
153541
153519
153496
153459
153440
153430
153395
153356
153348
153347
153293
153289
153280
153273
153248
153229
153160
153133
153120
153069
153051
153020
152960
152925
152891
152841
152820
152806
152780
152778
152770
152764
152758
152719
152689
152681
152657
152649
152637
152636
152598
152596
152595
152558
152536
152533
152511
152491
152435
152428
152411
152400
152388
152387
152374
152371
152328
152319
152302
152301
152288
152204
152189
152179
152159
152156
152147
152062
152059
152044
151958
151957
151913
151911
151910
151906
151900
151889
151865
151765
151742
151740
151719
151685
151684
151679
151643
151625
151608
151599
151564
151561
151558
151542
151541
151522
151477
151448
151418
151373
151351
151284
151273
151270
151200
151174
151162
151159
151154
151136
151128
151118
151086
151083
151078
151074
151067
151052
151012
150989
150985
150982
150978
150957
150945
150939
150936
150928
150894
150767
150707
150701
150695
150672
150657
150620
150598
150566
150533
150528
150520
150509
150508
150506
150502
150475
150436
150420
150403
150367
150335
150275
150241
150236
150231
150221
150207
150143
150125
150107
150092
150088
150055
150054
150005
149957
149947
149917
149876
149873
149868
149833
149829
149828
149802
149792
149784
149763
149761
149740
149736
149707
149584
149582
149566
149551
149533
149518
149449
149431
149392
149387
149377
149371
149329
149308
149303
149281
149251
149229
149228
149213
149209
149182
149181
149140
149120
149119
149114
149099
149031
148997
148994
148963
148954
148942
148904
148883
148848
148798
148780
148758
148738
148735
148723
148699
148697
148695
148684
148646
148641
148615
148597
148524
148509
148414
148380
148373
148372
148355
148232
148227
148224
148212
148200
148103
148102
148087
148085
148082
148078
148075
148067
148064
148041
148030
148021
147980
147959
147941
147939
147930
147920
147894
147892
147887
147882
147880
147866
147862
147855
147840
147819
147814
147801
147771
147753
147735
147639
147630
147617
147610
147598
147588
147551
147516
147488
147474
147464
147455
147450
147443
147438
147429
147397
147389
147374
147323
147322
147285
147270
147265
147247
147241
147215
147214
147194
147172
147160
147156
147149
147101
147087
147052
147048
147022
147021
146976
146972
146971
146962
146945
146936
146916
146900
146860
146858
146845
146805
146801
146798
146769
146766
146756
146727
146710
146670
146647
146635
146626
146568
146544
146529
146528
146526
146525
146521
146514
146499
146488
146484
146480
146470
146467
146460
146428
146400
146395
146384
146353
146349
146289
146274
146256
146235
146233
146215
146194
146133
146104
146102
146076
146057
146047
146040
146028
146016
146010
145990
145987
145986
145921
145919
145906
145902
145884
145858
145851
145845
145837
145824
145769
145757
145737
145716
145711
145707
145601
145596
145583
145574
145551
145542
145535
145523
145521
145491
145438
145434
145409
145382
145372
145362
145346
145338
145302
145298
145278
145275
145273
145247
145180
145162
145153
145109
145072
145055
145050
144999
144976
144952
144941
144936
144926
144873
144858
144857
144845
144839
144837
144831
144806
144795
144721
144713
144671
144660
144645
144620
144559
144519
144501
144469
144448
144440
144433
144390
144387
144384
144377
144360
144353
144343
144334
144302
144276
144261
144256
144205
144196
144192
144142
144133
144073
144065
144055
144023
143989
143963
143958
143938
143931
143904
143891
143877
143854
143849
143838
143822
143771
143767
143753
143751
143748
143745
143740
143735
143685
143667
143664
143663
143650
143607
143601
143570
143553
143547
143532
143528
143490
143483
143466
143436
143415
143406
143405
143400
143385
143383
143381
143379
143375
143367
143306
143259
143257
143256
143246
143236
143209
143208
143190
143177
143153
143135
143087
143062
143046
143027
143019
143015
142995
142990
142988
142957
142908
142878
142839
142781
142773
142771
142710
142697
142693
142690
142688
142687
142622
142617
142570
142527
142516
142494
142483
142457
142454
142447
142413
142396
142330
142303
142242
142201
142195
142158
142153
142107
142091
142021
141991
141989
141935
141879
141853
141852
141833
141814
141788
141784
141760
141684
141665
141624
141606
141579
141560
141555
141545
141525
141511
141499
141476
141461
141427
141425
141422
141408
141376
141281
141279
141268
141266
141254
141247
141231
141213
141200
141177
141126
141125
141097
141086
141077
141057
141042
141032
141019
141011
141002
140989
140947
140936
140888
140817
140803
140786
140773
140723
140721
140707
140691
140669
140636
140635
140599
140595
140577
140512
140497
140495
140481
140436
140415
140398
140390
140348
140308
140266
140240
140226
140211
140200
140170
140145
140130
140123
140110
140087
140085
140081
140062
140032
140005
139952
139938
139906
139894
139885
139860
139851
139830
139828
139801
139783
139766
139757
139736
139718
139687
139686
139681
139679
139678
139675
139661
139660
139652
139632
139629
139625
139539
139516
139514
139512
139509
139508
139501
139482
139474
139437
139435
139432
139411
139398
139378
139357
139341
139331
139327
139319
139311
139276
139230
139203
139184
139177
139161
139153
139151
139105
139097
139083
139069
139054
139007
138986
138964
138961
138911
138867
138836
138835
138827
138787
138753
138743
138668
138636
138627
138624
138604
138598
138587
138573
138557
138556
138542
138536
138517
138509
138489
138461
138437
138414
138411
138392
138373
138367
138355
138348
138322
138320
138316
138221
138215
138198
138195
138194
138191
138183
138181
138117
138113
138112
138070
138055
138044
138040
138039
138015
138014
137981
137965
137921
137890
137801
137798
137794
137789
137787
137781
137768
137740
137732
137724
137721
137709
137708
137694
137689
137670
137652
137645
137635
137621
137618
137605
137593
137561
137559
137541
137532
137508
137506
137441
137439
137411
137407
137399
137397
137384
137360
137328
137264
137263
137238
137233
137214
137167
137123
137118
137101
137080
137072
137011
136995
136993
136989
136987
136976
136925
136909
136876
136813
136785
136774
136756
136752
136722
136718
136678
136672
136670
136628
136616
136469
136424
136420
136417
136406
136399
136385
136380
136368
136348
136337
136320
136272
136265
136211
136198
136189
136182
136181
136166
136163
136099
136071
136066
136057
136012
135998
135983
135950
135942
135941
135903
135872
135864
135852
135849
135834
135816
135760
135740
135739
135714
135708
135707
135701
135678
135676
135675
135656
135638
135621
135614
135565
135532
135517
135514
135508
135502
135496
135471
135453
135446
135439
135416
135415
135360
135343
135309
135292
135291
135253
135203
135186
135157
135122
135078
135049
135032
135026
135004
134961
134942
134929
134880
134862
134860
134858
134850
134818
134817
134714
134689
134662
134656
134636
134620
134613
134605
134599
134581
134572
134571
134554
134534
134506
134493
134483
134479
134447
134436
134422
134418
134376
134312
134284
134257
134254
134246
134199
134188
134180
134176
134122
134113
134110
134108
134102
134100
134099
134095
134072
134062
134030
134025
134015
133992
133985
133979
133974
133973
133963
133906
133893
133877
133845
133795
133787
133750
133748
133731
133721
133709
133676
133656
133638
133634
133623
133602
133594
133591
133554
133527
133519
133484
133451
133439
133397
133389
133322
133321
133300
133293
133291
133285
133263
133220
133212
133165
133127
133074
133070
133047
133028
133001
132985
132983
132934
132918
132907
132887
132842
132825
132817
132811
132794
132793
132735
132706
132688
132672
132652
132644
132580
132548
132545
132523
132500
132482
132481
132473
132458
132453
132439
132425
132416
132412
132385
132378
132343
132330
132318
132313
132301
132300
132293
132281
132276
132263
132229
132184
132182
132172
132170
132167
132124
132119
132115
132108
132095
132086
132083
132075
131974
131935
131934
131933
131813
131812
131783
131752
131719
131685
131680
131665
131633
131629
131627
131617
131562
131556
131550
131510
131508
131466
131450
131427
131423
131389
131387
131373
131311
131290
131274
131267
131257
131239
131236
131224
131221
131113
131088
131079
131068
131051
130984
130964
130960
130933
130930
130876
130858
130857
130856
130845
130829
130813
130789
130758
130729
130723
130722
130721
130651
130629
130622
130605
130601
130572
130566
130559
130543
130506
130445
130372
130321
130320
130274
130256
130250
130224
130201
130200
130131
130125
130094
130089
130084
130071
130067
130060
130042
129990
129988
129962
129936
129903
129900
129800
129700
129691
129669
129668
129658
129637
129591
129579
129537
129526
129519
129417
129385
129337
129335
129302
129297
129295
129214
129193
129152
129146
129140
129111
129110
129107
129105
129089
129064
129060
129059
129044
128952
128951
128944
128940
128855
128835
128821
128801
128793
128758
128719
128637
128636
128632
128626
128608
128599
128522
128506
128500
128479
128462
128439
128426
128418
128406
128377
128374
128339
128338
128277
128265
128247
128236
128220
128201
128194
128193
128192
128169
128143
128123
128118
128115
128114
128106
128094
128072
128061
128060
128058
128056
128052
128023
128005
128004
127915
127897
127892
127865
127859
127830
127825
127718
127697
127689
127651
127625
127616
127595
127589
127577
127571
127502
127483
127462
127458
127360
127350
127342
127332
127324
127300
127268
127266
127254
127234
127223
127208
127207
127192
127174
127167
127135
127081
127022
127017
126995
126992
126929
126918
126910
126901
126897
126890
126863
126832
126824
126822
126811
126810
126799
126776
126762
126757
126725
126724
126722
126714
126698
126695
126664
126653
126646
126628
126548
126530
126526
126506
126503
126501
126496
126483
126469
126465
126411
126407
126394
126379
126375
126353
126271
126255
126213
126164
126160
126141
126097
126069
126067
126060
126056
125985
125948
125932
125922
125914
125881
125846
125825
125774
125763
125753
125710
125699
125697
125674
125654
125653
125633
125627
125597
125583
125580
125519
125511
125397
125330
125324
125320
125295
125274
125267
125214
125196
125187
125168
125156
125120
125117
125030
125003
125002
124948
124945
124932
124921
124915
124911
124910
124880
124875
124853
124835
124806
124792
124713
124687
124675
124624
124618
124616
124615
124596
124557
124554
124547
124544
124521
124511
124470
124455
124454
124432
124406
124368
124364
124361
124329
124325
124311
124271
124264
124254
124242
124239
124220
124216
124215
124159
124147
124116
124114
124076
124034
124025
124018
124010
123959
123952
123930
123915
123877
123863
123861
123832
123793
123778
123716
123712
123711
123672
123669
123628
123599
123572
123548
123531
123525
123491
123474
123471
123445
123444
123441
123438
123426
123419
123363
123361
123356
123351
123289
123275
123268
123227
123194
123165
123157
123124
123122
123118
123093
123088
123058
123049
123009
123006
122990
122953
122934
122911
122876
122838
122836
122781
122696
122681
122674
122648
122631
122607
122594
122592
122591
122584
122564
122519
122517
122492
122470
122462
122439
122421
122410
122408
122395
122379
122362
122353
122347
122345
122338
122296
122272
122238
122205
122196
122181
122180
122121
122111
122099
122080
122072
122069
122066
122047
122035
122032
122017
122012
122004
121984
121982
121964
121953
121932
121892
121889
121872
121839
121828
121825
121823
121783
121782
121777
121758
121747
121730
121720
121710
121697
121692
121688
121677
121675
121636
121620
121604
121541
121519
121506
121479
121438
121433
121415
121389
121370
121359
121355
121329
121315
121278
121263
121237
121225
121214
121213
121196
121137
121105
121095
121083
121077
121073
121001
120987
120967
120965
120962
120959
120902
120891
120872
120860
120846
120803
120753
120752
120738
120731
120713
120711
120708
120701
120694
120686
120652
120643
120625
120622
120602
120584
120544
120534
120525
120524
120520
120470
120463
120456
120453
120451
120446
120421
120416
120391
120378
120363
120358
120347
120339
120329
120282
120267
120244
120231
120190
120122
120110
120106
120101
120066
120030
119967
119962
119943
119937
119923
119915
119877
119867
119838
119828
119797
119789
119750
119745
119734
119723
119713
119686
119663
119653
119650
119642
119611
119604
119579
119578
119576
119571
119520
119462
119436
119417
119367
119363
119360
119319
119317
119309
119308
119288
119285
119281
119267
119214
119201
119194
119157
119125
119120
119110
119097
119087
119025
118963
118890
118831
118782
118778
118772
118759
118698
118674
118654
118607
118542
118530
118528
118509
118499
118471
118469
118435
118409
118392
118388
118384
118362
118356
118338
118314
118307
118305
118298
118289
118254
118248
118207
118205
118190
118168
118167
118120
118116
118100
118098
118049
118022
118019
118012
118001
117994
117978
117968
117960
117903
117895
117878
117871
117865
117844
117813
117783
117774
117765
117758
117681
117660
117655
117636
117589
117521
117507
117497
117480
117468
117446
117418
117416
117413
117402
117400
117349
117325
117275
117237
117211
117190
117183
117178
117155
117136
117132
117070
117037
117000
116990
116987
116977
116975
116963
116943
116924
116909
116902
116836
116827
116826
116819
116800
116765
116740
116738
116675
116674
116672
116647
116631
116627
116621
116597
116587
116569
116525
116494
116490
116465
116463
116453
116428
116426
116424
116422
116404
116396
116388
116336
116257
116240
116232
116230
116212
116192
116117
116087
116058
116057
116024
116005
116003
115982
115964
115932
115899
115885
115841
115816
115807
115739
115738
115734
115701
115581
115541
115478
115477
115476
115473
115468
115450
115428
115425
115414
115409
115370
115369
115366
115364
115359
115353
115343
115312
115309
115283
115274
115273
115257
115254
115229
115215
115200
115187
115179
115160
115159
115145
115102
115090
115067
115059
115050
115048
115007
114999
114971
114951
114923
114882
114825
114776
114698
114694
114675
114652
114618
114609
114568
114556
114547
114543
114535
114524
114489
114478
114446
114430
114378
114371
114370
114357
114355
114345
114335
114297
114295
114267
114266
114264
114245
114228
114208
114173
114132
114100
114087
114079
114058
114048
114037
113990
113982
113978
113975
113948
113910
113894
113855
113843
113822
113788
113771
113768
113751
113749
113729
113728
113723
113702
113694
113669
113657
113651
113628
113610
113573
113560
113550
113546
113536
113511
113487
113477
113444
113438
113416
113409
113406
113401
113393
113382
113366
113333
113320
113310
113292
113253
113240
113239
113237
113232
113187
113162
113143
113129
113126
113062
113022
113012
113008
112970
112969
112947
112932
112930
112922
112914
112905
112895
112859
112827
112810
112781
112760
112753
112749
112746
112737
112713
112691
112675
112669
112642
112635
112632
112622
112596
112580
112578
112569
112528
112506
112504
112502
112487
112480
112474
112468
112464
112460
112442
112434
112390
112379
112366
112353
112327
112213
112144
112136
112113
112112
112092
112088
112076
112075
111993
111992
111991
111941
111934
111917
111904
111897
111834
111831
111813
111801
111756
111752
111707
111688
111595
111561
111532
111487
111464
111460
111445
111444
111441
111436
111429
111366
111316
111302
111287
111257
111244
111238
111234
111229
111189
111163
111128
111127
111106
111074
111070
111055
110993
110867
110859
110857
110850
110831
110824
110772
110738
110733
110716
110681
110581
110564
110546
110536
110504
110493
110479
110455
110421
110417
110403
110371
110370
110339
110247
110241
110225
110206
110202
110159
110133
110130
110129
110120
110098
110084
110081
110069
110068
110044
110024
110014
109986
109887
109839
109826
109805
109800
109798
109791
109769
109758
109738
109736
109724
109719
109702
109694
109667
109658
109636
109618
109614
109570
109565
109529
109485
109464
109463
109454
109432
109430
109422
109415
109414
109410
109402
109352
109348
109346
109320
109312
109286
109264
109239
109227
109221
109178
109168
109156
109154
109131
109101
109067
109066
109064
109050
109049
108975
108962
108958
108893
108890
108888
108885
108861
108840
108783
108775
108770
108758
108755
108751
108737
108730
108717
108694
108685
108598
108551
108536
108530
108515
108490
108472
108429
108410
108361
108342
108320
108301
108281
108234
108176
108149
108131
108130
107995
107991
107986
107965
107919
107915
107892
107839
107746
107734
107732
107702
107688
107675
107669
107668
107664
107660
107646
107629
107619
107599
107590
107585
107569
107525
107485
107466
107463
107453
107439
107400
107384
107380
107375
107355
107328
107254
107253
107246
107243
107216
107204
107203
107187
107179
107167
107164
107145
107083
107063
107034
106994
106958
106954
106931
106922
106920
106918
106902
106877
106858
106843
106801
106783
106767
106753
106745
106737
106700
106696
106692
106674
106657
106641
106607
106605
106577
106459
106444
106429
106427
106422
106407
106390
106347
106337
106312
106283
106263
106255
106252
106234
106212
106172
106168
106161
106125
106122
106103
106065
106050
106048
106046
106018
105990
105986
105977
105971
105966
105958
105931
105924
105921
105918
105898
105865
105860
105841
105833
105802
105799
105789
105769
105758
105752
105739
105738
105729
105713
105712
105675
105636
105623
105619
105594
105583
105567
105552
105534
105525
105504
105503
105487
105473
105462
105429
105411
105399
105386
105380
105350
105326
105312
105303
105297
105283
105279
105273
105240
105213
105200
105184
105093
105081
105071
105008
104999
104988
104975
104919
104907
104873
104843
104820
104768
104747
104726
104725
104702
104614
104566
104529
104516
104506
104498
104494
104474
104456
104454
104439
104438
104437
104436
104431
104397
104350
104342
104323
104293
104288
104254
104201
104180
104102
104097
104087
104086
104078
104067
104022
103980
103952
103894
103888
103866
103842
103790
103784
103759
103752
103732
103684
103676
103652
103648
103646
103639
103622
103605
103570
103544
103517
103512
103459
103414
103401
103377
103345
103342
103324
103322
103295
103272
103236
103168
103161
103135
103096
103089
103083
103081
103076
103069
103066
103040
103038
103029
103028
103002
102986
102982
102976
102968
102958
102937
102927
102903
102869
102803
102768
102742
102737
102732
102729
102723
102722
102706
102683
102606
102577
102574
102570
102535
102528
102521
102517
102515
102481
102447
102437
102412
102400
102364
102359
102356
102277
102270
102249
102208
102207
102191
102137
102133
102106
102103
102102
102101
102063
102031
102030
101982
101980
101978
101969
101959
101912
101870
101865
101858
101811
101806
101791
101787
101723
101715
101713
101712
101696
101694
101687
101683
101641
101621
101620
101616
101615
101594
101564
101537
101511
101484
101473
101443
101442
101405
101390
101384
101379
101371
101369
101363
101341
101330
101317
101298
101296
101251
101214
101207
101189
101176
101168
101161
101142
101136
101092
101075
101068
101052
101006
100997
100969
100961
100949
100932
100931
100929
100791
100789
100776
100753
100732
100714
100690
100673
100650
100639
100601
100593
100579
100507
100497
100467
100463
100387
100377
100362
100345
100334
100290
100284
100215
100177
100131
100127
100116
100086
100013
100002
99974
99965
99963
99926
99909
99904
99870
99845
99807
99806
99805
99793
99777
99772
99741
99732
99730
99729
99699
99644
99613
99597
99588
99571
99551
99505
99504
99451
99420
99381
99379
99363
99345
99313
99282
99270
99249
99241
99231
99229
99221
99216
99199
99191
99178
99155
99150
99121
99101
99092
99083
99076
99032
99011
99005
98989
98959
98936
98931
98905
98883
98872
98860
98826
98780
98759
98698
98695
98666
98640
98593
98578
98566
98490
98473
98467
98429
98408
98390
98380
98343
98331
98308
98294
98265
98243
98235
98220
98139
98131
98115
98105
98034
98011
97982
97941
97940
97931
97861
97850
97848
97843
97817
97811
97809
97796
97778
97712
97684
97662
97660
97636
97572
97523
97508
97500
97491
97458
97442
97435
97434
97431
97398
97388
97386
97382
97336
97218
97207
97197
97179
97122
97121
97106
97057
97050
97046
97035
97034
97028
97019
96986
96978
96959
96929
96883
96878
96863
96853
96845
96844
96827
96781
96767
96735
96700
96685
96662
96635
96580
96577
96574
96553
96540
96519
96510
96473
96456
96447
96439
96429
96404
96380
96354
96303
96297
96285
96273
96263
96234
96220
96211
96209
96199
96170
96159
96156
96146
96099
96076
96067
96052
96040
96023
96000
95995
95993
95964
95955
95946
95909
95907
95889
95850
95841
95820
95775
95770
95769
95757
95753
95749
95687
95677
95673
95672
95657
95653
95626
95581
95539
95535
95532
95522
95504
95450
95422
95411
95403
95367
95360
95349
95335
95327
95316
95308
95306
95267
95263
95246
95238
95222
95220
95218
95216
95215
95207
95186
95142
95122
95121
95114
95089
95070
95068
94990
94983
94927
94924
94891
94884
94878
94869
94835
94826
94790
94731
94714
94693
94642
94637
94634
94598
94584
94573
94545
94537
94534
94508
94506
94503
94489
94471
94464
94435
94419
94387
94310
94295
94284
94275
94265
94228
94227
94187
94148
94128
94125
94114
94104
94094
94091
94070
94057
94029
94015
93951
93947
93935
93908
93902
93893
93810
93792
93780
93755
93752
93727
93708
93702
93667
93660
93640
93625
93585
93566
93558
93523
93521
93476
93463
93455
93453
93452
93445
93418
93394
93391
93390
93296
93295
93282
93241
93235
93184
93105
93090
93056
93041
92983
92945
92917
92898
92896
92869
92858
92854
92848
92844
92840
92822
92808
92777
92766
92735
92699
92670
92610
92603
92550
92540
92511
92501
92487
92467
92444
92414
92383
92377
92365
92356
92313
92294
92285
92276
92259
92254
92245
92234
92198
92172
92159
92148
92132
92125
92113
92051
92048
92045
92035
91972
91935
91925
91889
91868
91858
91851
91844
91839
91830
91787
91772
91769
91742
91739
91729
91702
91667
91638
91633
91621
91603
91602
91596
91579
91576
91568
91536
91524
91479
91437
91403
91400
91385
91356
91308
91252
91249
91235
91231
91214
91211
91163
91153
91129
91127
91111
91062
91058
91010
90984
90957
90952
90951
90934
90926
90923
90922
90899
90870
90841
90836
90830
90747
90723
90720
90717
90692
90675
90650
90641
90614
90589
90585
90569
90564
90544
90535
90532
90522
90483
90465
90453
90442
90436
90429
90418
90416
90395
90391
90384
90329
90303
90289
90285
90237
90214
90209
90207
90197
90182
90180
90173
90074
90067
90041
90012
89990
89981
89977
89971
89953
89942
89938
89907
89897
89859
89847
89812
89791
89781
89780
89762
89740
89711
89707
89698
89695
89675
89672
89655
89629
89621
89602
89589
89573
89563
89554
89514
89497
89481
89468
89452
89443
89402
89398
89391
89373
89366
89357
89338
89328
89311
89269
89268
89237
89228
89203
89184
89170
89145
89134
89132
89108
89056
89051
89028
89021
89007
89000
88997
88946
88944
88938
88937
88924
88916
88899
88879
88865
88836
88822
88794
88779
88707
88702
88666
88661
88651
88621
88612
88607
88605
88604
88570
88555
88539
88529
88507
88495
88467
88449
88447
88442
88440
88434
88370
88350
88342
88332
88298
88279
88267
88262
88228
88203
88186
88174
88160
88156
88149
88105
88075
88056
88026
87999
87991
87973
87957
87948
87936
87931
87871
87826
87816
87814
87809
87807
87806
87789
87757
87697
87689
87658
87614
87610
87598
87595
87577
87568
87567
87560
87528
87482
87457
87402
87392
87366
87343
87340
87327
87318
87308
87285
87274
87261
87258
87237
87224
87221
87196
87178
87165
87151
87125
87104
87103
87094
87090
87070
87068
87051
87013
86979
86958
86952
86928
86913
86910
86906
86895
86879
86878
86867
86860
86820
86800
86763
86752
86733
86689
86647
86577
86540
86511
86480
86464
86458
86396
86338
86331
86330
86318
86304
86295
86284
86264
86256
86151
86147
86126
86081
86049
86033
86031
85965
85957
85947
85939
85936
85924
85856
85826
85824
85803
85796
85794
85782
85778
85756
85742
85706
85688
85687
85679
85673
85646
85630
85619
85611
85558
85507
85493
85480
85476
85474
85457
85454
85409
85396
85385
85380
85375
85342
85340
85332
85331
85310
85245
85178
85140
85136
85096
85047
85019
85014
85012
85010
84925
84891
84858
84831
84826
84824
84819
84798
84793
84774
84773
84738
84730
84727
84713
84691
84684
84683
84670
84669
84626
84565
84549
84526
84525
84518
84504
84465
84463
84456
84451
84437
84410
84403
84398
84349
84337
84316
84287
84285
84266
84224
84218
84215
84192
84175
84165
84075
84058
84051
84047
84046
84017
84002
83973
83960
83933
83931
83915
83911
83902
83854
83833
83733
83717
83691
83644
83623
83591
83590
83584
83547
83546
83541
83504
83503
83497
83483
83454
83439
83413
83370
83348
83336
83329
83315
83299
83297
83258
83245
83223
83220
83218
83217
83203
83188
83146
83111
83069
83039
83029
82980
82952
82943
82940
82889
82838
82832
82828
82809
82800
82772
82741
82733
82692
82679
82675
82655
82608
82584
82575
82510
82477
82462
82455
82425
82423
82413
82412
82409
82389
82385
82378
82340
82339
82308
82295
82287
82272
82256
82251
82233
82231
82222
82220
82195
82187
82181
82119
82064
82056
82047
82045
82023
82017
81988
81964
81963
81921
81914
81901
81886
81820
81816
81807
81802
81795
81790
81787
81772
81768
81750
81720
81688
81687
81686
81685
81683
81637
81613
81604
81553
81529
81528
81524
81494
81491
81464
81445
81388
81386
81333
81325
81308
81290
81258
81242
81231
81217
81203
81199
81187
81173
81093
81078
81070
81013
80986
80983
80981
80975
80961
80947
80865
80850
80845
80825
80785
80756
80706
80685
80679
80634
80625
80576
80565
80563
80550
80522
80513
80459
80451
80443
80440
80424
80400
80397
80393
80353
80322
80302
80265
80261
80238
80232
80227
80224
80196
80182
80165
80158
80149
80123
80092
80090
80082
80075
80073
80071
80057
80045
80044
80008
79990
79980
79967
79952
79944
79941
79918
79905
79889
79865
79852
79849
79836
79826
79815
79809
79732
79714
79707
79698
79664
79658
79654
79648
79605
79583
79558
79557
79484
79472
79469
79462
79442
79422
79399
79393
79356
79330
79319
79316
79313
79263
79247
79237
79226
79201
79126
79112
79091
79078
79043
79039
79031
79023
79008
78996
78978
78973
78956
78955
78954
78953
78939
78923
78922
78891
78874
78853
78804
78762
78748
78741
78735
78731
78719
78705
78652
78644
78643
78631
78619
78599
78587
78566
78541
78501
78495
78482
78460
78451
78440
78411
78406
78384
78334
78326
78314
78297
78278
78261
78230
78209
78177
78159
78158
78150
78148
78121
78109
78102
78052
78044
78029
78014
77934
77926
77924
77908
77871
77806
77789
77766
77730
77724
77696
77673
77611
77602
77594
77552
77521
77507
77468
77460
77455
77411
77390
77368
77361
77331
77243
77218
77174
77110
77098
77058
77031
77018
76996
76993
76950
76930
76922
76895
76878
76847
76834
76828
76817
76807
76771
76770
76760
76734
76723
76651
76638
76624
76616
76586
76581
76564
76563
76555
76515
76483
76464
76432
76430
76415
76403
76356
76293
76266
76251
76219
76213
76173
76133
76128
76121
76094
76072
76065
76054
76016
75948
75942
75940
75938
75926
75911
75892
75853
75847
75780
75749
75734
75732
75728
75711
75708
75695
75694
75691
75654
75642
75601
75595
75586
75531
75521
75516
75508
75491
75467
75455
75434
75389
75370
75340
75335
75329
75314
75283
75245
75214
75161
75127
75123
75118
75100
75096
75066
75058
75042
75033
75025
75019
74971
74965
74964
74953
74945
74944
74917
74899
74895
74879
74876
74845
74800
74790
74779
74777
74768
74766
74741
74735
74716
74685
74660
74648
74639
74635
74553
74533
74512
74501
74461
74452
74444
74400
74382
74373
74354
74348
74326
74305
74268
74239
74236
74223
74201
74151
74082
74053
74048
74047
74037
73985
73973
73947
73944
73931
73898
73873
73859
73841
73803
73779
73772
73756
73742
73721
73718
73709
73694
73692
73650
73640
73635
73631
73618
73579
73564
73531
73509
73473
73472
73448
73446
73432
73397
73341
73314
73295
73280
73272
73269
73261
73252
73247
73222
73217
73212
73209
73196
73137
73132
73125
73112
73109
73082
73020
73009
73006
72984
72971
72966
72951
72949
72916
72911
72905
72887
72844
72826
72804
72780
72773
72767
72752
72746
72732
72715
72703
72670
72623
72620
72603
72579
72572
72566
72558
72530
72527
72524
72522
72517
72504
72481
72480
72448
72437
72349
72332
72322
72309
72301
72293
72245
72179
72175
72171
72169
72162
72159
72143
72121
72109
72106
72103
72091
72079
72065
72044
72031
72017
72010
71962
71957
71947
71925
71862
71849
71836
71767
71742
71728
71710
71705
71697
71680
71671
71663
71656
71580
71558
71553
71543
71499
71473
71453
71431
71424
71369
71360
71337
71315
71295
71292
71218
71217
71140
71124
71121
71113
71089
71087
71071
71059
71039
71031
71017
71003
70979
70971
70963
70926
70920
70898
70891
70848
70841
70839
70831
70763
70750
70701
70693
70661
70656
70644
70638
70635
70622
70601
70595
70580
70575
70569
70544
70521
70475
70425
70423
70405
70399
70393
70318
70313
70303
70301
70300
70293
70259
70242
70232
70229
70219
70213
70184
70153
70126
70124
70098
70096
70090
70084
70056
70055
70048
70028
70026
70025
70009
69964
69956
69917
69905
69884
69827
69815
69809
69792
69756
69750
69748
69725
69707
69705
69697
69693
69660
69659
69584
69550
69521
69513
69504
69489
69485
69479
69400
69371
69340
69336
69335
69318
69280
69259
69254
69251
69239
69219
69217
69208
69204
69183
69146
69139
69121
69116
69096
69089
69087
69045
68973
68964
68953
68951
68935
68928
68900
68876
68874
68868
68843
68842
68808
68803
68791
68762
68732
68711
68702
68675
68670
68647
68560
68541
68534
68511
68507
68487
68482
68462
68446
68422
68420
68389
68342
68307
68304
68292
68248
68247
68181
68166
68159
68149
68116
68094
68075
68066
68044
67973
67967
67944
67939
67918
67885
67880
67864
67848
67840
67821
67809
67805
67804
67794
67782
67781
67779
67760
67753
67737
67734
67729
67716
67710
67709
67703
67702
67696
67684
67678
67642
67610
67587
67585
67582
67556
67542
67497
67463
67451
67413
67394
67390
67380
67379
67378
67351
67349
67333
67301
67284
67253
67201
67181
67152
67151
67120
67095
67087
67079
67066
67036
66995
66979
66962
66937
66935
66931
66929
66922
66910
66885
66877
66869
66847
66796
66762
66761
66753
66740
66737
66711
66667
66660
66642
66624
66618
66594
66590
66583
66563
66552
66551
66529
66517
66502
66484
66477
66447
66406
66403
66387
66367
66354
66341
66330
66301
66259
66250
66242
66221
66195
66160
66159
66121
66115
66088
66084
66046
66021
65997
65970
65902
65855
65850
65849
65848
65838
65834
65738
65737
65708
65697
65667
65655
65643
65636
65591
65580
65560
65551
65546
65519
65515
65512
65484
65482
65472
65439
65434
65420
65398
65384
65378
65369
65361
65350
65302
65267
65253
65209
65203
65174
65135
65126
65081
65074
65071
65019
65007
64988
64978
64974
64951
64950
64941
64908
64907
64866
64857
64810
64805
64761
64725
64700
64697
64693
64653
64649
64564
64563
64562
64542
64521
64490
64464
64457
64443
64400
64383
64382
64360
64309
64291
64288
64287
64271
64266
64249
64167
64163
64149
64124
64117
64113
64082
64081
64045
64010
63992
63979
63964
63943
63915
63910
63835
63826
63825
63807
63783
63689
63675
63656
63643
63633
63632
63620
63582
63571
63552
63532
63498
63494
63489
63476
63459
63450
63429
63421
63381
63366
63335
63305
63295
63269
63245
63235
63162
63157
63149
63147
63146
63142
63108
63084
63080
63075
63056
63040
63031
63010
62984
62942
62922
62917
62909
62858
62854
62821
62820
62803
62793
62766
62753
62749
62744
62713
62707
62692
62685
62600
62590
62579
62541
62531
62526
62513
62508
62429
62407
62359
62351
62344
62340
62318
62308
62285
62271
62231
62141
62122
62110
62105
62100
62088
62083
62074
62058
62053
62015
62007
61950
61899
61894
61842
61830
61806
61757
61707
61691
61671
61657
61637
61624
61619
61602
61599
61577
61570
61545
61539
61510
61497
61472
61415
61393
61363
61350
61323
61300
61297
61290
61262
61252
61244
61194
61191
61188
61187
61151
61138
61133
61117
61116
61109
61085
61084
61071
61057
61053
61013
61010
61007
60986
60975
60969
60913
60885
60884
60869
60784
60782
60769
60767
60658
60649
60621
60617
60614
60605
60600
60597
60574
60560
60513
60511
60506
60496
60488
60480
60437
60429
60426
60418
60399
60397
60395
60358
60334
60312
60311
60305
60299
60293
60273
60250
60237
60229
60224
60212
60203
60187
60179
60173
60172
60171
60162
60153
60144
60121
60108
60097
60093
60037
60014
59980
59979
59959
59930
59925
59868
59852
59840
59822
59780
59737
59675
59656
59654
59616
59599
59590
59587
59569
59549
59543
59521
59497
59494
59479
59478
59396
59388
59362
59344
59322
59306
59275
59256
59238
59229
59212
59184
59162
59146
59124
59112
59105
59092
59089
59069
59053
59009
58996
58982
58960
58883
58859
58858
58831
58819
58807
58774
58766
58761
58747
58719
58704
58703
58696
58693
58672
58669
58649
58634
58619
58605
58601
58555
58550
58540
58538
58522
58443
58428
58426
58395
58392
58384
58380
58359
58344
58337
58298
58241
58226
58222
58213
58207
58179
58151
58107
58046
58022
58009
57993
57992
57972
57954
57935
57920
57878
57869
57857
57835
57801
57789
57779
57775
57763
57735
57724
57706
57700
57695
57673
57642
57593
57586
57583
57504
57454
57431
57417
57406
57353
57350
57316
57315
57312
57310
57293
57281
57264
57205
57176
57175
57167
57166
57160
57129
57128
57093
57089
57065
57060
57055
57043
57020
56998
56990
56982
56980
56979
56966
56944
56927
56915
56913
56882
56858
56840
56830
56826
56792
56787
56753
56716
56665
56663
56642
56636
56632
56616
56573
56557
56554
56539
56535
56527
56518
56504
56495
56494
56489
56474
56429
56416
56396
56390
56388
56317
56284
56276
56272
56269
56257
56243
56207
56198
56191
56179
56174
56155
56145
56143
56116
56062
56028
56017
56003
56001
55998
55973
55949
55898
55887
55881
55870
55856
55808
55804
55800
55797
55783
55776
55775
55768
55749
55735
55700
55648
55612
55577
55564
55558
55543
55537
55527
55518
55500
55479
55457
55455
55449
55446
55429
55422
55418
55412
55397
55375
55372
55366
55357
55332
55267
55261
55250
55245
55224
55220
55198
55187
55157
55148
55147
55131
55098
55074
55022
55013
54998
54992
54966
54965
54955
54944
54917
54879
54869
54858
54851
54828
54816
54810
54793
54792
54773
54737
54730
54665
54651
54641
54624
54595
54572
54559
54532
54531
54488
54473
54435
54372
54311
54304
54293
54282
54244
54232
54227
54205
54200
54185
54138
54126
54123
54083
54056
54055
54044
54018
54013
54005
53999
53986
53980
53972
53937
53918
53886
53844
53841
53839
53833
53827
53802
53759
53727
53722
53702
53698
53692
53685
53669
53595
53566
53561
53553
53517
53502
53499
53441
53434
53429
53425
53402
53395
53378
53362
53358
53348
53320
53289
53274
53258
53256
53229
53222
53219
53216
53195
53162
53135
53123
53109
53081
53053
53049
53021
52942
52924
52875
52861
52754
52735
52723
52683
52641
52634
52628
52599
52597
52588
52584
52565
52546
52539
52518
52491
52487
52461
52459
52445
52425
52393
52347
52278
52262
52241
52238
52216
52178
52153
52129
52115
52109
52099
52094
52010
52005
51992
51974
51959
51944
51917
51906
51898
51895
51891
51848
51813
51798
51791
51761
51755
51754
51716
51710
51689
51674
51648
51637
51635
51632
51605
51541
51485
51468
51448
51447
51445
51415
51390
51389
51370
51353
51342
51319
51303
51291
51279
51271
51270
51258
51247
51240
51222
51159
51108
51097
51093
51086
51070
51068
51067
51006
50988
50964
50920
50895
50869
50848
50836
50780
50731
50666
50626
50583
50525
50521
50489
50475
50441
50438
50430
50415
50414
50399
50383
50371
50366
50352
50278
50272
50263
50236
50208
50187
50174
50164
50142
50116
50101
50083
50063
50056
50053
50051
50029
50025
50020
49994
49980
49953
49947
49936
49917
49859
49790
49776
49772
49756
49729
49693
49665
49616
49566
49543
49528
49527
49460
49456
49449
49434
49418
49385
49382
49362
49336
49331
49327
49326
49263
49262
49236
49195
49130
49118
49087
49064
49048
49017
49003
48991
48953
48944
48935
48915
48885
48883
48881
48816
48771
48753
48735
48684
48674
48654
48643
48636
48625
48592
48569
48561
48545
48539
48528
48524
48507
48502
48488
48478
48475
48473
48463
48430
48426
48412
48399
48354
48340
48331
48308
48269
48245
48244
48216
48207
48181
48151
48146
48138
48103
48071
48059
48057
48037
48005
47994
47984
47976
47945
47877
47855
47846
47840
47836
47824
47814
47797
47772
47762
47752
47751
47748
47733
47714
47700
47697
47691
47627
47616
47610
47602
47590
47540
47493
47474
47472
47454
47437
47416
47371
47360
47353
47338
47319
47293
47290
47275
47266
47261
47229
47180
47175
47140
47137
47093
47067
47050
47049
47046
47025
46982
46970
46920
46911
46866
46850
46838
46825
46788
46776
46774
46737
46686
46676
46643
46628
46615
46607
46605
46572
46538
46528
46518
46490
46445
46443
46429
46423
46413
46384
46374
46367
46355
46353
46314
46285
46258
46210
46200
46148
46138
46116
46108
46096
46081
46054
46047
46046
46043
46016
45993
45984
45982
45980
45976
45958
45950
45947
45912
45911
45908
45878
45877
45873
45864
45845
45814
45789
45784
45783
45781
45772
45770
45745
45735
45712
45700
45682
45680
45678
45661
45622
45621
45589
45583
45563
45552
45546
45524
45514
45504
45503
45502
45493
45484
45466
45452
45446
45438
45433
45424
45399
45389
45360
45306
45269
45251
45229
45179
45155
45137
45122
45116
45073
45068
45065
45057
45033
45009
45001
44999
44934
44923
44919
44892
44885
44883
44829
44784
44757
44724
44701
44694
44682
44678
44623
44608
44580
44574
44568
44553
44548
44541
44515
44495
44494
44492
44478
44455
44436
44431
44427
44409
44371
44341
44331
44315
44306
44292
44284
44282
44200
44199
44193
44184
44163
44116
44090
44084
44073
44070
44044
44033
44009
43919
43853
43840
43810
43792
43759
43668
43658
43631
43610
43597
43594
43584
43582
43555
43538
43528
43518
43505
43435
43429
43415
43412
43363
43340
43336
43317
43261
43254
43183
43148
43147
43142
43075
43059
43048
42990
42975
42971
42950
42923
42905
42873
42871
42863
42858
42835
42820
42809
42777
42761
42758
42751
42710
42673
42645
42644
42614
42597
42591
42564
42547
42520
42455
42448
42426
42360
42337
42332
42331
42328
42326
42299
42297
42290
42248
42236
42214
42155
42135
42131
42118
42106
42071
42059
42037
41953
41937
41911
41895
41881
41871
41859
41835
41808
41796
41779
41760
41751
41741
41735
41698
41695
41694
41662
41660
41657
41636
41625
41564
41545
41537
41520
41513
41507
41481
41446
41445
41426
41425
41388
41367
41361
41328
41303
41296
41286
41281
41273
41271
41221
41180
41159
41126
41115
41088
41066
41065
41050
41037
41010
40968
40965
40959
40947
40929
40928
40899
40876
40841
40832
40795
40765
40742
40738
40727
40722
40695
40633
40611
40594
40584
40524
40520
40503
40494
40481
40466
40458
40451
40442
40441
40439
40403
40372
40362
40358
40332
40273
40265
40237
40235
40222
40210
40197
40169
40146
40134
40120
40105
40082
40041
40021
40004
40002
39962
39956
39910
39889
39885
39855
39848
39834
39817
39803
39801
39796
39790
39761
39747
39723
39721
39716
39710
39708
39702
39684
39645
39644
39626
39616
39573
39569
39560
39458
39426
39424
39403
39385
39374
39341
39318
39306
39303
39293
39285
39275
39267
39231
39228
39178
39177
39170
39169
39168
39156
39112
39108
39096
39067
39056
39052
38970
38968
38953
38915
38903
38880
38859
38858
38830
38820
38809
38792
38791
38778
38756
38723
38719
38697
38694
38683
38678
38660
38618
38576
38566
38557
38553
38510
38466
38447
38397
38370
38350
38339
38336
38328
38312
38296
38286
38283
38270
38265
38245
38241
38207
38165
38143
38126
38089
38086
38059
38057
38056
38032
38014
37982
37976
37960
37954
37949
37943
37936
37927
37894
37852
37839
37802
37801
37772
37762
37743
37662
37624
37599
37542
37532
37530
37476
37465
37444
37423
37373
37343
37320
37257
37256
37251
37249
37236
37223
37208
37200
37182
37180
37154
37153
37151
37150
37146
37139
37122
37114
37097
37092
37086
37074
37066
37041
37033
37012
37011
36984
36912
36910
36891
36888
36884
36882
36873
36865
36812
36802
36797
36774
36727
36697
36625
36581
36564
36551
36533
36528
36492
36482
36445
36400
36394
36379
36365
36360
36349
36343
36332
36321
36318
36306
36273
36252
36245
36226
36177
36170
36155
36133
36127
36101
36077
35984
35942
35932
35920
35917
35903
35895
35888
35873
35828
35826
35824
35813
35784
35751
35743
35739
35732
35697
35694
35692
35676
35667
35661
35654
35634
35633
35605
35585
35581
35533
35527
35518
35510
35489
35460
35454
35431
35396
35371
35356
35351
35332
35308
35265
35251
35248
35225
35199
35191
35181
35175
35159
35153
35115
35066
35060
35045
35040
35036
34995
34978
34927
34926
34880
34877
34856
34854
34838
34828
34800
34771
34767
34745
34733
34728
34715
34694
34653
34641
34638
34612
34597
34594
34593
34590
34580
34573
34570
34540
34521
34491
34482
34449
34428
34405
34340
34339
34336
34324
34286
34229
34223
34217
34208
34207
34180
34167
34147
34141
34127
34111
34100
34083
34076
34075
33976
33933
33923
33922
33908
33907
33905
33893
33892
33882
33855
33846
33844
33836
33823
33772
33757
33746
33734
33704
33675
33674
33671
33666
33661
33660
33652
33635
33623
33582
33567
33550
33548
33512
33476
33468
33466
33464
33447
33429
33427
33423
33415
33406
33386
33385
33374
33366
33357
33352
33341
33327
33319
33303
33286
33225
33208
33193
33147
33127
33101
33100
33059
33049
33048
33038
32953
32906
32893
32845
32843
32834
32821
32820
32805
32771
32759
32756
32747
32732
32727
32721
32717
32689
32659
32649
32589
32560
32543
32533
32485
32470
32465
32366
32342
32335
32308
32306
32258
32251
32245
32221
32217
32207
32189
32131
32100
32075
32074
32041
32037
32029
32012
32007
32003
31980
31975
31973
31964
31936
31929
31922
31877
31875
31853
31852
31844
31835
31801
31764
31763
31728
31703
31690
31647
31633
31625
31623
31619
31607
31605
31595
31547
31512
31445
31443
31430
31406
31405
31394
31387
31371
31367
31364
31359
31355
31353
31343
31323
31301
31290
31222
31219
31168
31132
31081
31058
31053
31042
31000
30997
30987
30981
30963
30958
30916
30894
30887
30838
30834
30832
30739
30720
30716
30693
30692
30666
30613
30612
30590
30552
30546
30540
30535
30531
30515
30511
30458
30443
30431
30425
30407
30406
30394
30384
30383
30353
30314
30307
30296
30292
30288
30264
30252
30249
30242
30227
30221
30161
30137
30133
30116
30112
29978
29917
29910
29895
29872
29858
29839
29826
29820
29794
29793
29791
29774
29750
29737
29691
29690
29680
29671
29661
29659
29650
29630
29604
29597
29595
29574
29571
29555
29545
29483
29463
29443
29431
29426
29378
29352
29342
29303
29291
29272
29243
29234
29186
29182
29115
29108
29105
29101
29098
29072
29046
29001
28997
28994
28987
28955
28949
28936
28864
28858
28795
28792
28779
28772
28768
28758
28693
28690
28671
28647
28645
28615
28592
28560
28533
28500
28480
28444
28432
28423
28358
28345
28344
28313
28304
28274
28255
28249
28216
28177
28152
28150
28134
28083
28053
28019
28018
28008
27960
27956
27948
27945
27927
27903
27892
27868
27866
27858
27807
27796
27793
27792
27785
27763
27756
27750
27728
27722
27705
27654
27644
27631
27626
27592
27590
27556
27544
27525
27517
27473
27460
27453
27433
27398
27354
27308
27213
27207
27170
27147
27119
27092
27059
27031
27030
27019
27008
26961
26955
26913
26903
26885
26866
26852
26842
26805
26803
26790
26786
26714
26712
26676
26673
26667
26664
26652
26648
26610
26592
26587
26558
26527
26486
26481
26455
26444
26420
26390
26387
26338
26326
26324
26322
26285
26231
26228
26222
26210
26206
26202
26191
26183
26149
26148
26145
26107
26100
26067
26066
26054
26046
26007
25999
25970
25969
25927
25921
25901
25889
25869
25859
25856
25851
25821
25815
25813
25807
25786
25777
25765
25759
25755
25739
25712
25710
25706
25663
25657
25656
25651
25573
25555
25548
25543
25538
25536
25525
25497
25494
25493
25465
25408
25403
25392
25384
25354
25330
25283
25242
25181
25158
25133
25122
25102
25061
25034
25029
25007
24999
24970
24969
24960
24948
24945
24928
24909
24880
24846
24833
24788
24773
24770
24761
24754
24734
24726
24710
24634
24619
24573
24531
24528
24526
24463
24459
24447
24438
24407
24374
24357
24355
24348
24346
24344
24339
24323
24305
24286
24280
24250
24229
24225
24190
24171
24082
24078
24055
24050
24040
24034
24005
24002
23990
23984
23975
23942
23937
23922
23919
23918
23904
23901
23891
23880
23858
23851
23850
23843
23814
23775
23759
23704
23691
23643
23637
23636
23594
23545
23535
23461
23457
23439
23429
23426
23399
23386
23382
23364
23349
23334
23319
23318
23304
23291
23289
23288
23248
23216
23197
23163
23158
23125
23109
23035
23002
22989
22964
22956
22928
22926
22905
22866
22849
22847
22815
22788
22755
22742
22716
22669
22645
22580
22568
22517
22501
22471
22440
22408
22406
22402
22400
22382
22352
22321
22308
22285
22254
22227
22213
22204
22199
22197
22187
22159
22152
22135
22130
22116
22097
22066
22042
22032
22030
21986
21934
21912
21902
21868
21830
21827
21810
21804
21775
21725
21710
21706
21703
21701
21680
21675
21650
21644
21630
21551
21536
21507
21497
21493
21478
21476
21441
21440
21415
21392
21350
21322
21283
21276
21259
21230
21220
21210
21128
21092
21070
21048
21043
21006
20992
20991
20990
20986
20893
20853
20798
20785
20782
20771
20760
20755
20709
20696
20673
20650
20648
20579
20577
20554
20544
20518
20474
20459
20422
20418
20397
20391
20389
20349
20328
20320
20277
20250
20208
20202
20198
20191
20179
20092
20085
20082
20043
19983
19942
19926
19909
19891
19883
19873
19855
19846
19832
19818
19813
19795
19775
19762
19661
19654
19644
19623
19621
19617
19615
19600
19590
19584
19580
19561
19536
19519
19493
19446
19444
19433
19428
19399
19376
19306
19296
19284
19281
19250
19240
19238
19206
19198
19179
19174
19141
19108
19093
19082
19080
19072
19068
19042
19015
19014
19008
19003
18997
18967
18966
18934
18916
18883
18881
18870
18866
18806
18750
18744
18725
18679
18628
18620
18566
18558
18526
18525
18513
18512
18494
18492
18490
18402
18342
18337
18334
18323
18289
18282
18276
18194
18116
18110
18107
18103
17970
17965
17955
17953
17932
17929
17924
17894
17873
17865
17856
17846
17836
17798
17792
17790
17743
17727
17715
17708
17640
17631
17628
17624
17600
17597
17596
17588
17564
17553
17549
17520
17516
17499
17491
17479
17476
17474
17445
17424
17389
17377
17350
17328
17314
17309
17299
17284
17280
17256
17222
17193
17179
17141
17097
17078
17042
17033
17031
16986
16982
16953
16946
16925
16909
16894
16883
16849
16847
16834
16825
16800
16791
16778
16774
16773
16762
16756
16721
16719
16713
16712
16703
16696
16653
16643
16563
16562
16555
16532
16511
16494
16468
16442
16435
16427
16418
16417
16400
16378
16370
16332
16328
16270
16153
16144
16133
16100
16099
16091
16071
16039
15995
15970
15967
15964
15957
15940
15933
15921
15871
15842
15833
15815
15798
15735
15693
15650
15647
15624
15613
15593
15571
15565
15556
15552
15548
15544
15532
15531
15530
15519
15503
15499
15446
15443
15439
15399
15383
15370
15337
15292
15254
15250
15249
15246
15227
15126
15051
14989
14918
14894
14863
14856
14850
14836
14820
14807
14797
14773
14750
14741
14732
14726
14714
14702
14667
14637
14599
14573
14540
14529
14508
14504
14488
14475
14434
14419
14417
14324
14299
14269
14249
14235
14233
14200
14141
14136
14068
14057
14045
14035
14029
13984
13942
13937
13919
13906
13894
13861
13853
13820
13810
13804
13720
13710
13705
13692
13686
13672
13603
13579
13560
13538
13518
13453
13433
13348
13299
13259
13222
13207
13131
13127
13109
13103
13090
13087
13082
13051
13039
12991
12973
12970
12962
12953
12949
12932
12916
12894
12892
12876
12874
12835
12832
12822
12795
12792
12778
12777
12770
12765
12736
12729
12712
12704
12702
12682
12673
12668
12591
12567
12563
12556
12539
12503
12483
12457
12444
12436
12403
12389
12385
12367
12355
12354
12315
12311
12308
12301
12299
12297
12250
12243
12233
12222
12210
12188
12179
12172
12168
12164
12163
12158
12154
12143
12045
12011
11996
11968
11936
11931
11925
11890
11851
11820
11805
11789
11781
11610
11607
11596
11574
11567
11554
11553
11535
11501
11479
11449
11447
11439
11381
11356
11336
11314
11284
11226
11223
11190
11160
11153
11141
11110
11105
11101
11089
11082
11067
11014
10951
10928
10891
10885
10862
10861
10843
10811
10806
10759
10739
10737
10733
10725
10690
10663
10587
10579
10575
10570
10551
10546
10526
10461
10454
10450
10389
10380
10373
10354
10348
10333
10315
10304
10294
10244
10242
10238
10235
10225
10223
10211
10200
10197
10173
10154
10129
10087
10085
10001
9995
9972
9960
9937
9925
9895
9875
9862
9823
9821
9799
9794
9784
9779
9753
9744
9741
9660
9659
9647
9642
9638
9631
9583
9576
9558
9532
9502
9498
9492
9472
9468
9430
9389
9382
9375
9369
9279
9265
9264
9254
9252
9228
9215
9206
9196
9193
9165
9162
9136
9133
9103
9082
9067
9040
8983
8977
8949
8943
8923
8917
8851
8827
8801
8778
8769
8764
8755
8742
8734
8731
8647
8623
8581
8579
8531
8508
8506
8475
8469
8463
8414
8402
8399
8391
8387
8385
8346
8316
8304
8248
8162
8143
8090
8089
8073
8036
8013
7979
7975
7954
7941
7920
7874
7820
7810
7805
7744
7740
7726
7655
7642
7624
7620
7600
7596
7577
7541
7529
7525
7515
7500
7492
7417
7394
7358
7349
7307
7278
7271
7255
7210
7204
7200
7181
7168
7147
7106
7058
7057
6993
6977
6968
6933
6926
6880
6828
6815
6805
6781
6775
6772
6762
6700
6673
6652
6629
6594
6574
6560
6536
6535
6534
6529
6516
6512
6444
6384
6366
6361
6345
6317
6306
6282
6280
6278
6255
6219
6184
6172
6168
6157
6113
6093
6083
6011
5991
5956
5929
5928
5882
5870
5857
5845
5786
5773
5748
5734
5722
5712
5710
5688
5679
5668
5659
5657
5625
5575
5555
5534
5475
5466
5350
5344
5317
5290
5279
5260
5242
5200
5179
5124
5122
5060
5053
5031
