127810
104521
21058
13143
122709
190953
151692
41457
23427
60486
55901
107872
103704
93282
40902
21408
172948
30812
16373
22695
27965
179455
14519
181448
106592
111682
61936
67589
40627
97793
70793
82637
32593
8763
173689
69935
36675
82043
143323
65386
64359
116467
69415
149829
156178
180715
58492
173038
162003
65038
55885
24850
90825
64841
164195
106554
103228
5477
55615
142919
51030
12459
11273
166810
5069
144707
142422
136614
90391
40980
176010
163903
47900
143545
92041
185064
197015
120658
138556
17319
180065
69718
72433
10375
67072
169666
149049
174923
40045
11488
52416
96795
103989
53270
106339
113671
21548
70423
39968
21662
58895
38293
155648
128121
114194
39313
161972
112501
101403
73913
185542
80832
149326
31540
61434
162944
160125
186736
196915
181578
58517
147798
160165
53938
47966
66826
39997
31741
129843
38848
176301
161022
61345
26843
153372
181826
65204
50235
116439
31304
55149
65923
73751
35838
195106
81178
158299
120406
113013
70669
69393
162575
171949
157277
129287
125797
12274
68239
160048
153051
155725
172966
196844
66025
109832
141715
180618
182489
14444
199119
97647
170527
176428
97085
57344
198511
21428
69100
76936
102949
112237
135966
196176
145959
138709
59178
112382
31329
97529
183647
107725
88212
93852
144989
153775
28461
67490
87162
140851
64946
40035
46012
197014
150060
123942
165846
172407
164606
141850
20926
179706
66176
112854
120380
117562
32184
188962
112859
106975
185331
37271
133866
164603
32678
53099
151175
9813
164688
10548
70142
79398
146707
61664
36381
50568
160117
159051
118668
114698
75690
45715
115945
68101
22532
94983
59722
134367
141601
76531
95200
57630
25796
92395
45307
100992
30292
157560
196355
67054
69369
12895
52674
60617
81402
145336
152790
49127
181961
96391
11371
59557
116523
24246
62912
133744
174424
171086
16962
102897
66890
176367
77188
148955
147334
171024
35654
177565
102754
27306
115066
123533
196700
52759
33818
54120
173723
134972
129956
125218
196288
103087
106922
51647
37902
22081
104890
16069
127297
67469
5118
40469
24645
63164
167738
146604
6360
151522
97893
116378
66428
169354
75247
165818
13434
57649
194295
108612
160436
49712
25139
119885
72061
72876
19737
180682
124505
110874
60704
19289
158316
180625
100817
115980
160946
15987
58568
143906
42890
169996
111406
136897
27410
104304
130528
144866
158358
126781
105969
16836
187431
6901
21978
9132
151473
64605
188366
156172
167665
135911
82032
109584
73887
27788
153668
76296
95611
36001
55660
109623
187680
96063
199642
125343
69237
53395
197384
121738
127440
131837
79761
90897
43471
85831
16611
92741
78713
159353
133306
177594
89615
133326
38590
155303
12624
78226
85632
110067
80374
68526
124441
136029
81241
159564
199509
94368
28633
182763
136549
22726
169388
99193
157818
190276
103817
80453
56666
46491
163672
147991
160939
74926
120722
133915
92350
79853
177460
59706
26868
43999
8803
109028
126541
157393
177523
83389
32817
114096
168857
125346
165993
105501
19875
143183
115391
168701
17053
29064
171856
72098
163999
146420
195101
67666
163205
24045
28171
11472
38159
59175
56516
190462
100200
87022
126506
126708
145313
99985
65046
29355
88942
115259
95728
72484
79834
83365
194591
16587
55497
30015
156213
38044
53445
180603
68918
75217
14702
36882
159317
191124
101476
123353
62694
16859
183303
111609
188389
110455
90676
9864
97511
107680
44584
22749
70453
109639
131699
140361
126205
88064
17467
77127
49987
54149
78998
18580
86747
127811
39346
106540
125273
77454
155289
191461
28620
178154
86664
23928
41148
90567
111927
139135
157163
16786
140241
63566
28495
187558
31109
30937
12801
110625
45305
27007
33701
187238
48219
172494
136570
24952
160601
163714
178665
174168
78943
52156
187820
57815
193669
13711
132981
39547
7511
153742
108002
193792
35229
127399
133796
68667
105459
157433
93268
5401
102423
139991
79783
48545
157006
69385
82388
119324
197958
182523
193313
33532
156269
69170
83488
103202
85031
121517
90138
78941
108222
21436
185802
25228
40034
31440
125976
85117
44133
187220
11420
16702
58166
47637
98783
35723
37020
125312
154728
122666
9264
7557
195159
45789
108527
49309
32490
146695
46755
80741
183556
134121
43829
63745
109387
166755
128591
46737
109003
122956
107795
81015
69029
130288
14908
88373
60599
158799
7848
187954
115468
192155
181554
164933
162552
26735
89950
187876
153754
22421
177608
120662
9655
184039
46843
16816
150326
61351
124656
85057
77453
64899
167741
149847
40446
40702
117944
40082
39162
198727
54451
61977
118287
148309
166390
182659
169121
129012
146703
49015
69932
51422
194184
131994
162297
11944
192466
136803
104765
145292
106647
179410
101221
63199
149012
39335
32650
179804
93371
156505
154350
93848
60820
116653
46825
126001
83261
7781
136828
147871
15045
189936
61046
169641
94393
27097
136883
162574
194886
46932
125796
30782
23277
127037
135891
179143
197822
155511
156356
136255
167068
29835
172916
81056
58988
188159
5927
56865
18901
47254
160540
76442
97319
47134
155748
154978
103331
184025
67802
149437
67232
13538
35626
159177
51165
77027
143465
50399
79815
5945
105456
194384
183948
151625
40346
133566
82377
87877
76602
108082
44862
23314
118815
131718
131682
7385
185104
158592
55492
132224
121467
147286
87089
97935
158306
112820
173277
66076
167011
56581
26908
95224
57271
164179
49205
44176
194763
65705
50326
132210
184059
31817
189741
170822
105697
114861
129868
193664
134130
166811
111407
93394
139298
32156
141580
69584
5662
84726
183748
120674
133984
181516
98303
14643
92423
69992
27777
176950
111208
24039
49407
46572
19695
115054
181814
150234
35409
34158
68340
116114
25666
164968
26546
119037
167906
30931
101273
118766
10459
199427
94833
145804
64317
103674
77182
143372
60054
65805
65942
39770
16969
193479
32598
90345
167238
172100
185046
163075
48108
82428
140422
137602
133936
139363
32034
72713
197558
190484
85505
138881
81647
111036
179141
83467
30460
154401
5855
96040
137716
73585
82789
10158
15154
179911
119255
189022
104873
88017
141657
129273
23887
139463
168225
138812
68481
187478
89230
156302
144097
102337
96575
188582
123385
138731
74295
44840
90167
49894
88338
63639
99163
141531
153196
132397
16778
116951
17328
109146
31407
6700
60567
89913
20346
70500
99243
151360
53130
24310
168954
15671
89137
79000
184396
67398
99807
129442
98866
170954
187058
33671
29706
187153
28409
113717
110042
101721
42519
128683
97322
92664
5144
52108
82741
55731
172140
79629
72824
15599
121863
34986
147721
143330
74839
53052
12457
145431
150692
112124
39411
12316
168056
149692
117964
195517
51354
120109
58356
114064
66239
97452
81623
75684
143674
131649
178001
115390
47459
186358
57782
149682
128530
90376
145764
10138
156793
156478
178320
29939
67483
18808
66301
85251
163519
178540
49184
69367
135394
87161
22436
144389
33887
51542
7042
108892
55837
146706
69311
165969
18356
114704
79633
170236
8238
44564
142813
171061
135777
189155
14104
138546
85651
123764
133564
21028
174844
137582
188277
66919
184119
102058
86406
37233
163186
140553
148482
108785
94584
153652
79617
50299
167418
189108
86430
12599
15042
60512
95029
99869
11011
108748
63299
121147
125756
62287
67694
159403
63713
11451
71978
175737
191552
79534
66094
145397
5530
6045
119328
173081
81762
177549
16306
32268
191873
89447
103077
41230
198636
117841
68387
199937
70103
176729
41979
29227
157072
62832
8823
186642
120904
56037
45281
106328
100770
7574
46072
105775
22734
134027
137465
39251
194044
187664
143389
9649
113587
105831
64915
56651
101347
91582
5857
193542
138014
157637
127391
48275
127022
106983
76216
7649
166693
165000
102251
93118
27094
88293
143998
83952
133099
193464
50141
118440
112169
93661
151426
130558
33095
91139
144953
75461
160986
99234
146766
12492
94210
182938
124101
189582
82511
73202
95337
98603
128305
117287
183654
130905
82655
52401
124666
34393
172844
165965
86166
58058
168647
156029
35987
89570
147424
20561
163197
114994
96554
34448
13740
148036
83707
61981
193017
78100
31843
31589
143455
21292
185587
96159
110484
27347
32685
19432
41690
199120
65982
63478
45119
31310
103785
43408
114833
76716
39512
198629
185711
99565
68370
140922
124775
157208
159664
23478
30728
35625
139211
49195
12329
66408
158944
181614
192793
105921
18913
119895
91093
22464
194379
174016
123437
51751
19078
72303
79305
187021
151430
159728
36609
192643
181551
70258
91508
35276
46402
118679
104718
106806
118281
159019
190701
36539
140484
50788
136647
158386
25798
78023
37564
195412
188693
193553
155866
38183
97567
180441
124160
11424
167007
135342
101343
164998
154713
33210
195282
143332
185118
126907
127361
169880
93453
178718
194205
68322
5101
61223
51281
141401
167677
70303
95498
165314
155790
33071
151281
185369
27349
116804
185690
53990
137668
137362
143007
26907
39284
19279
157725
83336
194722
71507
135353
117306
20966
7459
23297
54507
134204
131395
36352
5964
34710
69922
55398
178988
54843
106852
137766
183493
106692
58279
111996
12936
49494
67278
190353
126263
146980
172425
10243
37342
23476
117496
126478
49980
86904
179783
51964
99415
122232
54355
90508
94338
25555
175704
98731
35068
195978
192046
88857
122413
115001
186798
94284
116681
27359
172102
32061
58215
176632
106041
41879
60856
172747
83758
98474
128243
89182
186609
154788
141487
73308
145956
115664
137625
31602
18613
33396
61288
178326
75617
180377
57360
125276
39641
169112
180300
80588
160780
54825
72914
110073
170222
194785
50829
37093
61603
40833
73132
105987
47322
122921
69323
142053
132789
102482
108447
54145
56566
88793
142989
116358
30902
195311
112852
127641
177658
91840
47883
129071
146879
23396
47925
96221
125682
159695
58164
198478
145841
187763
32539
153597
104451
135233
28511
25582
154593
82041
14608
140753
76887
47701
45504
74602
93757
117739
60465
66822
125713
14499
73326
117177
148484
61547
15179
36572
176200
168462
162125
144835
92624
110608
71561
123160
161450
180690
126126
114213
38865
8037
184889
50561
39675
139140
87568
38408
34992
66849
43676
107104
116352
180371
189326
11253
114323
128625
88133
108003
82407
110477
176071
137875
52248
145521
20248
85116
141229
6331
56371
31900
198245
99126
120644
53772
141549
186035
110727
6230
18694
199717
187885
81313
52077
44357
15577
30225
40506
125967
110468
95241
84100
161096
119612
178692
74776
173366
79841
9349
5216
181253
113624
124298
51087
198869
148670
66666
50774
127148
74852
27953
183056
38182
159599
23121
21160
7704
160333
132960
11181
114011
130870
87201
78461
164194
134904
38315
8785
152975
170813
87572
34331
59234
115452
14212
169267
166993
51640
30574
141978
146426
74965
40966
108487
74186
92101
31647
110187
32233
26711
181917
166884
94548
11292
112463
180854
97484
166663
183635
76890
180464
141627
102725
93326
70030
145821
66525
31791
161288
153433
76650
5611
101859
94056
173307
76655
179751
73268
97545
164565
8480
49088
75151
115124
153885
131730
180795
69819
126561
49806
190132
157355
93433
74721
31104
19541
44619
36911
58115
5786
155867
172699
194917
55831
135355
74240
68819
129240
37421
24696
28583
193747
93557
187660
176558
132579
111620
58942
171381
48519
133698
171927
62765
198117
116611
101249
168095
80327
100043
62741
63578
66797
91113
161430
187178
143408
90560
46075
53776
171002
9568
170397
57317
84958
119080
18955
99140
150978
174777
179388
128597
143451
191576
33479
128498
180812
138205
98079
177339
147232
75811
56286
59780
198849
11133
192511
161518
61376
34629
49858
74689
104813
187614
191967
43043
59496
149539
194092
166141
145042
101055
105898
109016
112574
70711
5133
19374
60916
173150
14534
93650
182270
6345
47975
42049
148498
199587
89075
154497
69679
111405
26301
62276
90607
117414
136356
180424
84758
102334
50433
49485
12527
120210
67193
191203
71563
197664
78407
83504
102181
153984
40362
142544
67107
17349
129872
11573
12684
34441
197248
132711
93835
78966
34267
192685
161865
28925
89695
54872
32698
62153
173214
35768
144124
189208
62744
198904
166464
183291
153620
81085
22079
105414
28441
150150
44510
110488
99900
130407
161947
73608
128679
130113
10480
9039
107843
60462
178465
199622
146440
66671
153329
105248
145040
44570
125851
152159
142226
90783
59972
99375
191597
168623
45817
189431
129139
71906
50210
10452
35555
87021
196357
72677
110959
86985
59628
74141
55707
145338
54434
192388
186328
105452
58360
35529
127035
180143
80896
115398
75616
94970
90542
149434
187349
110034
27877
123795
164495
166821
64353
46969
54715
63632
184941
139572
93102
156746
117705
139325
28446
139815
55746
18471
191004
21918
105724
5018
114900
193717
27113
107240
171059
53779
179709
198355
44874
90654
161511
46984
6294
142884
151052
64264
37377
115913
74402
174307
168279
25791
138180
31268
84905
190666
19085
182851
192303
109163
94517
77175
46214
162848
160544
10229
58458
172138
106448
139355
66146
35365
52865
5055
59238
68199
160201
152727
19210
180729
17751
159606
54042
5223
25979
187175
12529
188326
129954
32556
177315
177324
191680
92772
28573
41358
35929
119029
185634
42622
6344
54114
173551
39994
55531
61464
10992
122698
80203
12805
101578
19638
7339
87437
12788
108900
60701
110255
48645
158679
79562
12376
45559
105667
16296
30586
123851
131181
113811
161005
66132
178651
54425
141391
23640
97540
90304
98842
119708
54294
192158
30493
130854
99395
84484
133322
22379
119432
175822
188537
25605
181713
123282
36135
142733
63755
180930
128889
172681
94967
59365
88550
44773
141902
131877
112578
171416
55252
59290
182098
184162
123465
5121
8698
195678
43956
58886
34905
156817
119139
48894
129059
139478
166920
152267
187208
79499
132501
25750
83409
115814
124108
160827
63888
144977
54458
112580
172374
146396
81868
167155
89020
81932
177929
123780
152567
139546
124166
9853
40711
105048
79253
125121
139566
149667
112720
55472
71536
102787
135877
28919
82295
178650
133116
60892
80888
52099
100524
183401
193728
64438
21070
146133
160551
86479
45325
193936
175139
38388
97694
135515
128883
146273
74596
128705
127032
42902
37503
184322
46719
147211
182770
20036
151632
57157
18260
141129
152629
189430
61755
77589
100956
50050
57112
25369
24909
185938
125506
82122
112638
6398
51819
33291
94326
124382
155682
132281
28098
90367
90153
163368
28526
104370
126261
145958
123640
196395
123971
91279
78595
67629
92037
197020
59285
195778
32094
17942
112654
126331
156558
30647
90057
7648
184348
130969
183523
45826
148444
146437
195371
68940
175841
108105
139841
66195
186918
111632
52642
132762
136089
188157
88353
151984
14974
199928
177356
151567
26881
107763
75320
172624
47588
138200
65948
10858
160741
135122
113201
8586
73578
23046
93752
55020
177764
52145
169644
158469
179528
69917
192925
85527
171271
135875
183965
43025
180040
180960
55148
176639
183721
158896
66704
97195
196112
168415
99266
44926
122320
75376
64319
68364
173794
199313
83630
169412
151062
121818
175646
89434
88389
119499
6179
197299
92447
145362
97772
173712
120502
50656
169557
63076
112336
106122
165133
59787
102592
73026
97887
57556
158509
195472
170211
124761
112311
159120
195680
144145
143098
63211
70830
174976
47316
78290
33967
14743
137038
187574
8290
131752
77162
162503
139353
11217
22697
93311
104905
188706
49007
35795
30184
13152
61388
36349
83056
45216
5182
48801
24878
142492
156358
130934
115575
5073
67846
24687
150667
89571
153019
84835
118684
78221
139143
7412
44376
49423
90328
136734
121135
44097
185283
86801
135607
55152
186554
162592
142990
160431
143484
52636
199079
25751
60963
194170
25613
56435
151027
185917
53188
195992
91548
10473
76297
199550
101029
158751
50082
25741
48612
70337
102222
181332
23788
43532
118361
182833
199837
105058
166354
95056
102212
6084
164793
199664
69413
102293
171333
61889
104846
198004
28636
53548
133015
153119
29538
193804
156322
109494
112123
24093
10572
196086
178832
69134
37544
114142
137172
171457
157710
57392
193003
191196
94274
49031
184222
9392
50685
169056
11339
37358
39756
13683
143778
192036
133747
174610
197833
116478
195612
194190
116148
21064
148084
145349
27485
73868
170270
60448
156814
42295
110663
185342
36443
40637
19037
158451
137214
52044
182919
156145
125735
128030
109541
167439
191294
66920
106412
122098
195861
162873
192777
104920
39303
143430
164410
29019
126784
186690
23853
144248
185843
120687
8651
195143
166382
196183
66278
68122
38521
112497
22930
29847
142458
63212
195622
16063
112277
144706
186885
75062
91642
71359
152793
154620
93455
194899
155454
21124
104933
147136
100514
98143
43650
174129
164930
136131
90579
19654
33999
126285
97035
84113
66896
190134
81871
148372
62195
137019
122822
141676
21942
176417
86868
167425
104349
33100
189475
79128
156458
140190
62466
22365
5683
194071
60070
36736
151467
28729
64513
184126
6519
51686
197534
28694
39224
8642
51455
121926
33202
169758
13739
78630
66928
29969
64046
51672
150260
67208
30285
143949
37144
157895
47116
196035
43954
121370
35814
5965
109900
103765
46525
105872
133594
67103
92674
81245
70446
19550
60380
198043
95687
177142
92237
44237
82529
66674
98650
108451
77448
110009
155849
145767
47218
144570
60953
62273
26323
172424
75099
16745
161965
89556
100704
106285
78314
119911
111797
31744
137654
36540
172668
133504
63684
58841
186247
45075
108341
25331
5992
166288
99427
154053
55225
186292
100905
133963
90060
93905
91775
90302
23346
88360
48122
188503
174422
26295
27637
148948
182383
51567
20822
28025
151198
115010
141892
100749
149339
162263
61506
29867
54964
61168
44096
165357
7811
88400
73333
117530
146680
147327
122442
55297
121970
48491
126233
77880
19757
179407
46185
153900
97895
17612
197570
50119
104643
159618
135430
68260
68871
75366
46961
9256
165089
194955
103433
6759
20448
82462
7795
39336
101948
71033
54710
147847
5627
164625
102375
52052
92977
120064
183695
73907
169468
177121
91585
36455
57107
93770
141645
88486
111320
106294
176202
42586
151309
178962
181533
180858
54093
49484
141239
161839
13827
18361
94665
153802
79178
104150
172212
81378
22924
78104
186010
52770
132807
35760
27153
122484
162637
120408
104005
69370
198313
194981
175619
25843
57851
107988
18021
96626
59154
138467
106764
172777
143644
72152
180022
142351
89446
39667
17001
125066
23700
179868
83672
88988
17728
64613
73858
46161
51044
67973
101536
162027
181460
187884
44289
107163
98600
78731
49030
113376
79786
10150
170139
134302
74014
15330
120414
74788
129369
146886
189685
132695
22524
38238
77824
83891
149714
121010
71241
166857
129230
196633
16203
139070
42319
153035
93383
39752
73483
179777
193053
122255
143974
18166
136765
133874
192235
62804
102862
77887
25958
195936
61284
183914
185454
132175
32478
155259
55804
102700
171330
164772
7739
152245
159409
29263
138767
64007
144466
92987
168734
35489
187120
125660
122385
106191
132127
135727
41403
61328
81870
176767
28339
115989
90581
28670
36372
7607
33150
39448
181228
136575
138077
59872
151640
132588
115218
107130
12321
6497
50567
49822
43754
75509
47705
41242
33209
121134
186917
60260
153346
150158
41489
119627
9796
148798
111399
25826
120731
192019
17182
83746
121833
85190
181971
122082
90475
107677
148060
77154
136806
29981
170121
89330
124083
190359
197461
95909
9855
193556
151762
194465
170426
105133
130992
14808
174599
38374
142903
13442
89817
199871
51771
101938
49068
55926
161252
131639
81298
121884
133487
90384
173973
184813
114447
106894
48814
26831
111410
125415
11970
67702
176980
116408
55009
94720
43661
112983
28122
112548
47186
133641
35021
57724
9258
128637
111350
17425
30342
168911
159325
86444
94903
146754
69050
117709
114468
196870
24252
167430
31137
193915
103270
194189
36505
109413
141326
36696
56453
185332
76443
164497
168372
58461
195258
72301
70781
108965
67212
14114
174056
119043
27502
19546
52949
68373
27719
15754
154969
163058
80805
194678
106411
117662
138089
36137
194215
74068
82079
12203
34388
99112
16937
113577
16533
46122
152732
6433
153179
67695
38756
63606
69056
107913
60391
10564
63638
169734
169162
24582
64616
91988
50142
121371
81353
145810
24336
55777
170896
114790
36464
54535
87346
189439
167486
81568
58748
140092
176441
43119
113386
46603
139892
57029
117693
104844
178775
147792
47352
177687
62738
164774
181858
169750
84230
24851
20123
129891
76029
86676
197854
79878
191327
90675
161447
83428
95226
175261
40844
33610
40708
142710
82774
62622
56971
195663
158076
51962
5188
192563
101046
92847
130990
131749
96441
178981
93131
123226
145789
167097
117102
27244
24115
152628
83164
25206
108937
182057
189667
29870
134406
180762
154385
97044
164102
155403
80154
128134
139506
122605
36953
147072
78629
18102
99566
145652
75550
128975
137857
110024
56947
32779
68753
160067
187771
169516
62197
184286
23218
81626
121989
179163
165177
45908
52444
184262
54245
140162
29988
199187
135200
198170
186803
135238
83219
85374
183743
168164
69494
9068
129078
47906
147695
164169
128668
48207
20811
74778
22728
124011
42116
184242
12734
153624
66396
128586
10043
97010
199345
151712
17416
36401
40525
137463
52465
137160
71254
6725
38545
130872
14438
111621
157484
155043
73472
191310
90827
49810
73877
171378
106670
110051
158835
34021
47611
86881
155243
55972
176592
38135
7925
28344
45907
63696
109571
16627
186960
198409
136733
33540
126841
79209
154897
43448
156890
160530
15265
8068
17803
50693
194435
73493
132338
180458
39609
154936
183071
118280
97978
186894
174674
162591
76242
14323
118786
47605
165317
93930
102224
75966
151792
16126
188171
34882
102589
174483
155251
115365
33969
75042
186900
67516
30308
104068
185049
141724
133453
76547
95750
183412
89603
96279
38532
118839
175636
188650
43555
91834
113306
198231
161371
148147
74305
93088
126556
48336
148468
124041
176369
192122
155150
131298
165189
107422
183644
78921
116592
172665
166489
123109
54485
172461
7234
34484
136622
134856
118064
198436
93933
140992
14532
86469
90183
158097
136579
61898
49292
17522
11541
5256
66905
51081
168437
10599
131924
155081
44670
77754
50134
93781
50683
22779
88739
108773
176807
6946
140494
157329
73336
67884
53850
17886
7289
87521
96086
97259
171472
34020
64041
115057
63200
72330
161729
13132
167950
63951
51755
164651
135830
142648
125809
9938
114512
119462
188009
67505
156869
107082
87134
133118
71492
35742
71223
187924
143789
61485
114811
162922
125826
163451
55860
16781
27857
7052
59210
20414
25614
21252
183704
67779
197716
165152
177415
158471
145547
12267
46303
195211
26861
79336
75380
103080
163555
96251
118235
92075
63205
91380
135053
103030
73860
199189
163325
110133
152415
145674
157223
128483
53075
129117
6815
83407
101968
162772
28340
24859
80811
98723
29327
17517
57096
25629
70306
113714
95807
96270
41607
74960
91990
24492
113685
184295
174576
122282
197892
27725
159175
93610
158842
191337
166255
197090
63240
142031
119252
45852
43460
105514
63281
156920
95518
17743
172058
177317
128042
87970
7395
28798
125632
121586
157193
103731
82386
166034
82491
83722
29192
54805
17830
190573
190274
168171
155800
120711
120535
183949
163115
26827
10627
45549
182714
22137
197623
71367
118460
141707
195982
39473
22394
86050
182253
195098
195096
11808
139555
76147
6710
131448
146103
90702
150468
24297
116206
118830
195875
177976
107327
125609
151721
30046
73918
11266
98853
76028
99966
157952
166351
69205
47395
141755
198891
136017
119743
10094
128852
109509
47780
86990
7711
78283
117200
186259
192422
102287
169711
13623
107886
94337
163915
141421
99306
82173
199789
40968
149060
148331
133342
126350
182616
162997
97122
84664
66545
161004
129222
83462
65721
44273
184078
8489
28599
188204
180595
193111
61663
138401
101321
43192
40695
96623
100647
36939
67535
124575
38442
157309
50483
47243
198644
61729
57631
28842
27616
153497
21486
20828
8225
10697
116580
18563
125428
102911
177440
199122
84295
30065
10620
55287
19646
5935
115393
126336
76750
120023
35979
180915
103437
29623
29844
33432
94441
185241
28371
109506
7325
121483
19691
87718
65797
82029
33293
192787
119254
86792
17548
99593
148589
156556
175593
45653
129924
22652
38751
8880
38616
6288
74968
104561
114357
42866
13726
104245
85730
57503
145626
14716
47674
159655
160864
147922
172625
27619
70468
179011
87498
143434
162409
138038
40437
148359
177770
121358
61876
65603
87373
94061
32645
17979
151049
153831
182594
172804
98856
167907
32617
48858
72132
144254
32664
20769
27644
193291
64246
121669
39300
54735
107617
107619
113777
152077
39058
84608
125542
88734
81687
160623
175963
66060
11500
184778
8045
49390
167192
71676
24939
162117
37114
52822
46108
187073
102718
54900
84647
167290
198505
76552
50723
43832
63140
15521
34225
122043
15662
189174
190765
24221
195496
37961
89417
179996
61997
13766
71505
66222
6371
8089
150446
7967
117757
84891
172857
126345
117025
168147
8121
23663
175552
185415
130480
146863
159675
148473
6208
90251
56346
62737
33587
41244
123429
158837
170731
110696
114191
89218
16264
126480
106699
55267
43520
116543
124497
82870
165977
65817
36881
16453
81493
92161
125322
98471
153543
139773
49378
94488
156351
59459
187981
22754
115844
20143
190688
78888
166319
126585
61131
64363
166689
107456
33033
122226
182027
159919
138810
184657
24417
92199
36045
107879
159077
127277
121742
67143
198985
180357
57828
194013
74179
93704
137133
120602
140367
89593
92897
21850
29071
91356
135214
164370
76845
94106
133013
139619
38372
181291
78821
189534
197098
169965
177251
83175
10683
128216
20868
123727
172204
101243
56444
194159
18002
150806
131658
24740
123482
163891
188382
142150
15698
61128
79427
36987
69617
175687
150465
177418
112285
132765
132138
57238
189182
13427
87472
193911
32635
22083
165235
44282
85887
100124
66430
90927
128217
44854
193047
18168
134482
129141
144563
18786
117241
135347
87520
70508
145812
79140
162488
37182
187011
159167
171705
28763
160604
129531
13686
125893
59598
130741
45184
149096
32149
186302
31977
171556
96526
8904
51497
111235
192998
48522
69629
179071
110587
115601
107229
147192
168192
114987
82085
84907
177909
38807
195240
6078
126377
117602
45774
132948
97985
139705
88573
62141
106044
180580
50118
73607
199237
190186
98570
58812
105305
111929
173664
108658
53254
144662
194257
77217
146342
156870
42262
19005
57293
110478
119487
60401
55974
24453
106598
85237
194230
176984
163208
94669
27995
49130
40940
59527
170943
27564
19664
41560
130773
139319
8388
169019
64231
48960
112823
11732
149871
151691
176583
58263
56442
40145
25104
31735
87381
196527
81230
156295
46801
133788
166913
91251
143297
189583
102312
27065
184250
189980
22012
112918
107890
50760
51812
89453
196133
48685
87615
36143
172031
92145
126381
138207
64865
104416
19787
177763
57989
35960
91074
66714
163967
36386
151568
138837
67630
37930
29477
105948
136239
108829
57555
124856
186009
48622
192434
197691
180073
118870
10144
109420
130981
171185
53494
74830
55480
19139
33115
105666
90928
20387
48023
54932
146899
92134
43327
59397
94800
75923
179938
112183
13008
28850
97667
183479
133893
127184
23831
185132
91829
92697
27162
101311
59858
78857
30696
120085
132953
102432
7641
44575
24765
194651
157121
99681
168129
91487
40243
31868
76992
157917
138573
143935
177677
44186
127386
76592
103109
91310
149224
36714
114089
112770
177265
175069
44602
170853
122841
72569
182131
89575
95270
8182
145679
188349
85037
103856
99857
128257
147150
153283
95831
36335
115183
80952
107953
122123
84729
173325
107372
152464
23354
71763
178289
151967
32948
92371
5658
24999
163689
128813
105134
20877
153880
119764
180751
114304
16078
186467
72683
80721
94751
158765
8060
174326
113016
88807
189896
179425
85313
74497
153695
30543
146535
47540
55157
104244
49341
146178
174167
149932
9999
192701
91472
87378
193429
34088
119855
117015
27265
195668
136413
159356
121697
97924
122387
169160
76696
184214
42085
120282
57991
64009
191010
24959
9433
24913
195271
114109
195419
48971
21642
88101
96179
137788
97067
77246
155807
151508
117380
106023
68638
77751
104163
28678
123945
45022
193981
133834
37701
135667
8735
108588
25878
98381
165588
35341
119771
143652
183439
30243
109343
45812
85236
190290
14420
185841
171089
112825
156728
77476
57035
103649
63945
168361
136371
143257
76324
8389
189265
84233
123752
80131
150018
191851
151892
90085
147058
111245
190450
161599
20268
174521
158724
181455
8078
60969
90884
171371
136531
182104
137854
89290
49796
7330
156853
183233
32558
114049
16059
181081
173668
133897
32557
194006
55468
72900
15169
45662
29264
56330
18195
158036
177668
33039
37398
118554
141516
186926
168493
195225
198426
150478
169942
154989
171569
168824
83373
107695
57303
61380
41180
88516
97744
149884
157954
187171
125295
183960
63465
150751
168119
35749
65342
78327
108170
36831
72468
94328
109904
50332
43516
89379
83010
46569
145184
35535
48863
142594
15529
173869
160650
91183
28522
138689
43092
82401
67753
180983
79026
14889
87964
13490
117928
29484
64672
139954
56724
159657
49625
128526
40544
31178
142442
188799
191836
118739
164391
36263
55973
83607
176587
32313
81354
74230
42041
81006
35729
23821
149610
75625
174440
37611
16423
68008
91456
40130
192665
67430
59612
114876
143067
99999
164710
31839
33772
99092
114961
101208
53416
49362
161596
26056
115123
181849
155714
103153
97116
129687
161192
143509
143757
31561
82930
147634
40463
11195
47055
196802
189633
112608
29425
83218
175042
123478
111192
132904
93791
108972
151413
194515
171838
39870
6803
22792
24321
175947
139545
54209
82898
101286
49959
91660
5988
130884
195194
146380
132247
84534
179390
68846
19296
56895
21097
113214
70438
82979
137372
179975
163030
22262
123247
143563
109979
127112
51726
135065
173015
149363
103770
196469
182716
92266
42689
67977
81219
144135
123988
167862
50716
107723
134750
172002
190283
195442
42293
197840
193359
42825
70987
179179
82694
139272
24027
39762
160744
119137
22416
153174
33971
136841
136908
22488
30340
95271
109386
148192
26954
11502
55098
43574
85233
116500
183186
37762
90018
157232
20520
181502
63173
120374
22316
170300
25527
163457
95269
158301
106811
185640
131736
151487
20899
111771
67880
49522
104367
15719
61569
149438
142592
77636
28244
50815
57287
168211
166278
144082
192952
189035
130176
28689
34179
123264
41837
57594
19478
100646
129275
96787
114777
199014
193412
85118
134195
74153
47837
135135
181311
174796
103293
14784
189428
57000
26170
59996
163898
74259
26065
118111
173373
171978
167492
65662
12516
45895
36095
28766
64743
84101
129957
170988
55865
80120
78914
19125
36388
8027
6436
121488
164235
116071
56857
185609
53961
177905
196362
5678
107331
147189
192173
123091
92545
180358
103314
27667
94449
24361
32448
128953
182605
22113
118266
136402
40621
147263
10019
166164
101095
119272
36943
100063
144908
5712
130567
54435
108061
26585
142120
138269
172902
12978
165383
26412
173471
127940
11849
7447
55851
131929
153547
146536
125970
57375
131056
74337
42517
158585
15855
99736
194087
114344
86600
124721
65331
65401
35645
151437
149959
123584
138587
119004
144718
72831
130629
75885
41751
143014
182486
198839
102523
146315
146310
161011
86072
12785
33155
120342
132730
85329
113796
80830
189051
138328
69389
147244
121490
168769
83837
67090
74327
9846
128727
70118
77447
179634
176383
191241
92696
7007
168449
126252
40476
41681
131887
156634
161129
28911
78265
90289
86177
98278
142833
77237
180636
195847
47612
75077
168301
13792
61750
31258
26216
142369
176959
56419
125421
115957
157965
86122
135922
63319
71430
190136
180213
176103
189919
153959
90166
63156
119345
32218
29737
197760
97190
66661
156362
54792
133067
164534
67174
69523
182948
35993
168327
140366
87876
10354
117191
159623
154032
29453
167474
199770
172957
162096
181597
75686
79425
164553
42251
157642
71263
133746
24445
64629
23005
161451
169062
198067
125574
28484
104086
144776
30943
123546
23508
92907
171955
122185
168139
110053
29392
87735
154494
186936
95111
178509
82452
95801
123835
49420
22149
91321
105768
65332
165113
71775
14048
153602
197285
8627
37579
57141
22919
104031
76849
186570
85563
91876
110924
177017
113133
59962
171252
132854
145835
83884
15471
59913
118093
35539
45341
155668
47845
21987
132102
170589
59192
135201
106845
151272
143091
142952
50117
117274
40643
22445
197627
97225
75012
71984
69099
10266
125152
150746
150509
87567
165850
52359
13786
35910
64019
35227
142585
145876
49212
143773
135406
162203
164532
195931
30680
67236
15189
197105
121238
41848
14681
113612
170784
194844
170212
190870
12009
161010
143211
198134
15303
77183
62446
37542
20803
20189
124754
80554
30180
43443
79810
46162
30567
43344
15813
156657
29424
40868
164289
49542
99381
94249
133510
174339
183258
147622
177469
137697
158046
149161
105595
60128
20683
21186
63483
20075
122648
134009
50297
84581
40917
114361
161441
31311
165137
84221
23302
153717
48742
6143
80518
7055
24120
136456
88452
108048
148740
34080
181131
119488
125368
165348
42949
165203
192512
7896
103385
199505
156779
17341
79508
176929
156056
130452
66268
40953
128661
78923
106333
42420
124906
70330
31984
47334
92398
124901
19960
111038
125131
79785
132415
169868
54864
176398
74584
113510
88989
167326
41361
182275
194892
196375
20724
48186
87239
99835
199139
109138
167720
195430
183882
151266
11255
182910
163394
139906
76590
34843
85289
17599
170145
128570
178941
117960
31042
171444
9837
86986
17031
29191
24738
82895
103616
71827
187460
155324
163481
136491
32797
197974
21546
92503
146570
124604
69048
139202
145576
183086
186209
25279
57984
144291
175243
73857
191602
114620
169572
34306
123556
183267
101852
34117
10361
164472
138064
103954
128280
147934
10203
188772
164995
101362
64754
96288
32515
120849
43905
146377
160473
117706
16537
87122
81899
25849
187151
104598
44956
161681
146922
127294
89700
103048
173656
53840
65943
68203
181583
35872
81581
167404
16012
192315
86425
87034
107318
106300
124630
27976
158682
195540
116135
164500
155513
36916
111484
26228
134998
169199
139695
128934
9756
11334
36204
147402
138193
121421
39748
100152
129221
174649
140328
164514
42583
28010
163856
64024
95698
60403
189238
197076
78491
52565
124044
76190
145479
44736
173087
50214
110664
78683
62996
188132
84383
104155
184871
83450
130937
129730
131356
172368
6255
186217
95219
86973
39522
189487
68202
178657
180216
82601
109721
83706
199099
147320
36758
42250
151340
72180
109406
8538
195788
171859
16648
191459
8191
47583
11913
35293
68513
12786
116236
143914
80476
170522
88690
106693
14567
10166
104420
31149
48100
117905
38893
23486
133112
131028
48489
64463
107846
155368
99790
135905
138373
29966
79385
119703
49887
82592
67348
42499
107399
123830
176342
45828
137667
185146
84959
165622
109303
72772
32202
130946
62485
53204
48181
191999
22795
69979
173830
85316
14693
179861
189298
124333
92698
184049
70506
169995
166678
40566
34347
165502
59904
117176
60082
64398
132140
142715
95537
93464
195268
173575
12547
188439
173772
50647
102606
21115
28250
132492
94513
20404
131138
10105
96218
108976
52639
19798
106481
179301
137129
167291
162644
172243
43285
71722
100837
40054
113088
47144
56302
54066
177643
170596
10717
20650
144832
67533
108511
140041
45546
75447
84390
81514
74746
166286
135056
7155
148661
14116
121637
69414
114741
30587
155093
109812
109946
125436
112293
13348
93471
32682
104815
128438
72558
101896
29712
108794
81563
45950
18348
188206
15147
177573
140227
76264
194146
18692
154511
174421
189111
92996
74201
64272
37190
70245
12855
194020
147727
182703
65527
163642
124857
149028
197210
24968
118384
90735
48458
167094
113124
170367
185759
69799
136112
48760
98941
49014
57358
193324
180587
90068
76790
182132
100174
12120
130641
91016
148619
30939
90904
121908
165888
132114
38459
142693
107859
38895
42588
124424
116190
79838
132253
82315
23515
89119
84692
111679
184968
116235
118317
148993
113311
123774
61610
149300
199142
69761
166890
64055
178867
181259
38710
20512
71714
192405
27990
126130
84401
158852
7338
50209
159859
64207
10866
47075
37406
55963
122113
143454
88945
26294
163559
181389
66055
38624
55613
187652
192425
62853
77332
162022
148027
87842
179912
169528
43897
111820
68452
158080
99470
134959
92593
26289
165007
54177
127953
109242
140754
126792
26818
136550
114560
141040
97571
150972
33263
124024
176523
165385
147343
186208
196189
151205
113471
69386
34777
12126
95263
103057
184232
199177
196841
149459
45707
161997
133469
147537
195726
166822
154010
113781
27661
154704
193861
178607
73723
152569
29698
35140
165664
140516
87564
13049
135590
157955
144507
196983
13099
163610
155635
116300
170562
20033
186495
25973
28330
117664
155367
83669
36076
22022
33090
17689
192674
39511
172607
152863
5905
39137
30381
197087
123879
10721
73017
30769
64288
162508
121962
41004
23747
49227
107653
146292
151379
28587
15742
135870
93960
43990
86763
124983
122294
49688
47508
13459
187611
89195
143982
7086
137134
47998
55712
47285
70204
113815
96634
99752
110013
119778
151265
143401
110906
190636
151158
20363
178604
196466
195289
77138
183132
172698
197307
192721
88493
13575
10673
130093
98709
160594
194820
196931
179318
60353
153927
144048
102452
190153
141529
92051
86565
186428
59923
43441
158597
6812
92280
31593
109526
83603
118265
130130
34379
40499
49876
58421
103161
29281
112001
88766
21961
195110
165809
162957
119270
117118
74026
48693
65784
175323
49008
135111
52129
156591
28170
77679
107735
63823
61007
90598
123062
131284
171369
144059
142940
134139
147039
5446
25108
118985
162839
166098
146328
196121
138464
104427
46890
11587
111165
177778
185056
50135
48780
81301
58522
163804
86377
139756
85788
106147
156013
152339
54221
133800
94097
48525
127188
178786
18432
85473
92533
112567
14947
63764
6505
192312
164697
172418
51043
161914
125949
69108
122930
133123
187635
90802
129068
116990
88425
183604
87801
16342
97715
179216
40945
10811
142535
133989
97030
106235
134144
78937
109652
51124
93450
125025
157146
37316
155024
181806
70774
135466
87478
198082
66518
161510
63318
118785
12039
164471
127576
151947
62640
63025
133398
40952
83375
71162
147869
163827
148217
122641
183871
24760
86473
161523
103240
100047
82968
100169
177789
115652
117427
127860
117109
73931
92985
111501
45794
133474
194974
195534
124530
183631
143880
90222
33539
101653
36449
161632
52425
194197
8392
73138
118025
145898
12397
69419
76287
132696
107344
16771
150488
136170
42957
133082
58723
97962
193986
177729
81191
147080
79293
151439
79433
139848
162433
41966
27838
96918
57473
7513
54764
15389
181350
170874
16982
40880
23429
126343
154390
165170
191014
105958
70996
27404
185442
9281
167620
58290
23127
9170
161293
140626
163023
140512
139921
134790
12940
71346
133882
59380
48638
92470
48872
129556
190164
55765
24493
40751
65015
124129
108663
188123
87582
93861
176253
51426
7121
130423
137514
61681
163897
36413
187068
168960
92228
178741
149044
6649
192066
88244
173821
110926
109660
89009
105954
69703
152690
10037
23848
50873
129685
141332
21153
81420
139909
15426
47779
81681
41843
134674
111424
9230
57878
166705
125884
146180
7018
68317
152356
151210
111725
8491
34269
120173
170877
109569
79561
95006
83145
78512
8254
99128
147485
7833
92362
110755
120189
174640
24197
187530
145899
185266
149950
112791
42641
143838
50908
171033
12004
45775
19873
60179
55117
176530
176499
161799
29349
113680
147893
38904
92631
170179
11039
116521
79025
32924
87973
23712
197911
196970
109911
116318
168169
100520
16575
38316
193759
198797
139916
72058
94699
15106
145586
151403
51700
84539
25638
75676
8743
173209
80384
177008
153043
163944
52769
31990
188405
193662
44157
161605
10761
19146
38400
189377
79634
52832
47387
170986
137944
70223
132786
148404
30463
98441
183557
22660
66727
189323
116884
172488
192319
65073
32838
107992
165942
164420
62040
155271
80326
173408
157798
143280
143080
98794
56948
105190
154606
73999
7889
190970
39306
102997
43157
18069
54538
188745
8453
187270
117578
79700
135577
26553
100395
42994
177480
60453
23397
197423
191476
89336
92902
166651
71909
35446
15068
14863
68444
63464
13158
48437
154471
84639
30748
181027
101278
95227
21426
110049
43845
84041
154467
196927
38323
114614
39465
33758
185127
188476
22885
193070
86556
121072
97135
20247
150291
19954
129690
177895
17472
28659
34880
36244
94817
7521
103601
17079
173868
102712
174434
186578
134166
50227
17880
71251
149670
60415
175777
118874
148965
83851
104159
17741
39263
157111
146124
24510
43021
19584
175819
102559
56312
161428
156230
79595
98411
198473
82072
195431
39693
109847
113213
184694
162328
169798
131531
86082
56410
62799
169493
59960
128540
47921
29321
151897
197738
18843
38522
96970
84577
53086
184355
160316
132012
192862
118763
105432
37779
10445
129807
145206
111952
169125
99520
83793
81770
143591
38005
67495
70137
15278
45211
121701
61746
188916
70247
26614
146332
125671
53651
66414
152801
57732
151336
84792
130015
61001
77918
83786
187988
190828
61102
59144
163498
117418
36428
92315
25424
127133
192982
64663
152694
49814
134358
51573
26379
152691
187099
70310
11646
86814
42206
115755
38560
186954
172641
145689
61647
149007
68282
184817
84087
92463
114840
81350
32425
152946
109121
16685
162857
88737
110785
159283
14269
132197
8302
38109
154427
122731
59371
157023
66473
57807
22731
79505
21771
11134
108407
25125
198506
55348
83625
113209
91247
74368
102534
188299
113580
186687
101405
58733
69753
16787
6298
91044
113808
185870
98491
109140
132563
123616
90201
74571
60271
155096
137586
124238
84568
114173
55533
34527
78745
131055
103566
25092
31057
6894
110763
70997
93033
14058
43599
95514
111325
64494
95517
160628
96717
127622
97161
82204
96957
58901
150079
17243
123407
101515
81782
74869
55927
34260
9653
23050
16651
188225
37873
23168
125986
167433
138870
28923
112648
74044
65280
196383
18760
55562
47002
148236
43075
190846
19117
104415
6425
25169
134602
131631
180127
77499
172339
171762
91746
56065
40376
161069
13547
122719
177292
12119
162623
136651
182581
36934
153795
90398
171937
49162
88886
6074
85956
153538
126956
78647
157827
36322
128755
9501
161955
122412
190413
161361
8921
15982
84751
160653
137076
163467
83648
63811
25434
102859
31283
150213
57362
50881
90647
198926
75639
8767
6779
101957
155895
94805
199996
134053
26660
71625
77393
142065
115859
101072
101433
167661
19138
24538
98269
15629
33848
22091
12491
92786
137698
58918
141559
182745
91643
110865
58667
147523
92525
62662
197538
196795
110981
120990
36776
166173
134637
50662
69475
93712
141683
129528
117230
120248
9082
96806
102371
21381
167139
40853
114199
74843
64870
159641
69461
138443
144111
168848
48416
119531
48471
140481
44204
154883
197209
149965
116995
98898
112508
5454
109390
78632
130089
38331
155387
172531
191729
188162
157711
95283
147311
83651
69535
91796
50291
68696
65474
133289
129731
128230
118027
38765
126510
172455
89722
67087
18606
150854
159006
6381
20607
108600
163146
196692
179124
100912
42812
162606
159092
31713
29283
165972
118159
6739
90778
156296
112038
178695
194992
79319
101730
151270
170440
64688
119920
74055
29462
127414
110743
6046
166823
55663
36409
145245
138519
152672
33729
127014
113388
147445
102396
34894
70131
138570
47517
42911
74405
10382
97770
142180
117280
20566
116344
72818
9400
96209
127203
6635
60381
81749
60707
8493
21104
108374
99799
93501
138994
30627
11161
63347
111113
16886
120075
5164
110928
181179
110427
159556
92368
150353
79201
56090
142798
32254
132658
118868
56279
189009
89326
160917
158565
5316
19852
38024
94435
103221
89993
190548
187685
47709
69437
38197
57074
158905
83579
143266
45088
20304
53895
182094
51306
48370
22992
88344
73540
100458
29986
55584
169659
12142
92039
128358
162507
23128
39012
51503
72388
176820
198738
136680
123972
60860
43358
102245
137721
119800
131135
150917
73313
132887
196324
17276
118318
164267
85995
37319
24690
152743
79551
179429
38606
134683
14520
35234
58715
52048
25405
21087
147517
172159
47741
137690
138879
177383
140318
39540
153928
41384
183044
154848
63994
42968
101751
178735
189757
40567
185008
105126
182048
82801
77548
59195
154428
54394
169664
175534
8854
169127
93988
99041
47866
199847
164482
179919
57949
155437
74756
95837
180802
45615
141167
124257
192219
32504
28324
10833
140964
69813
57746
120945
73074
143628
133903
191792
69605
27714
185134
42034
50874
51629
133748
19243
141405
63192
80855
110204
196646
150635
185468
96681
133141
170020
145769
7044
29046
7583
137426
65303
190515
157910
43819
13351
72329
164859
136846
30351
173698
88227
180018
170975
50029
54274
73215
97789
56504
190252
21135
89777
141103
182457
45015
28861
142179
166655
57529
95217
138607
164979
148194
38445
131545
50310
75477
26190
159994
62845
48536
39780
160010
86687
139635
190074
166793
45111
119045
12357
87092
111963
113568
25283
23322
127221
119364
30666
18314
139159
100471
26091
54646
182007
70476
93746
129011
182284
106204
29389
98461
41073
81192
93881
187256
195492
157503
182111
49185
58659
87942
168574
150925
19984
5140
198549
67705
8281
195133
153780
11413
100563
17181
109106
74680
131043
176375
16158
171647
117612
91564
44980
182490
25208
134905
33433
154435
33964
80392
45664
130425
100473
14858
66411
138052
76058
134437
105528
187408
119372
196663
105795
94459
23167
156753
36648
73123
16131
153186
100018
7855
138669
121788
186484
118807
173226
91812
141325
58578
77939
90877
86538
157869
29490
18773
82673
75815
178123
170075
75925
125414
96504
26312
29440
60124
11030
93696
88332
90959
13178
74171
35353
171399
21750
119074
52968
141216
59328
129214
109339
72367
44693
98185
35803
21847
50919
142048
149512
175419
69538
48985
107590
29091
77084
176474
149851
94613
139583
50395
130084
48406
188628
129933
56015
147647
103778
169701
194250
103870
144164
15931
147717
11014
26087
28586
79447
35743
148183
34250
54008
123006
85295
21644
87332
166806
184970
170773
101010
13349
127409
69659
141717
158098
12194
132659
75698
127626
8267
25810
133964
135933
50225
26774
41810
124310
182322
184235
98003
166443
128399
10437
106129
42720
53114
29482
16322
183432
86391
75935
41960
180976
28793
156091
18991
120649
47400
9024
123992
153293
190499
195377
76783
109162
64782
169727
191606
128325
142115
98058
141424
24558
33169
17359
36747
83953
84841
45833
6521
84340
110446
198706
40188
81813
65008
125927
68776
57527
181077
60350
18188
52193
184218
192879
111465
20004
190240
11905
77599
44882
165273
156471
179154
181872
90000
144307
38490
155657
13702
26494
168432
79844
83328
78123
25872
139183
122720
75662
174695
33002
84873
185286
181007
171806
18852
57189
102705
93053
134672
173109
145526
100028
53195
153901
185553
7444
66312
163313
111614
63636
197951
53504
25804
192897
84973
109958
154382
101281
149261
151745
22495
50236
19827
11197
18035
172755
65256
78459
120782
32236
185556
107582
188492
120786
114132
172071
192967
12728
54862
14690
79309
185084
166357
170895
185724
117834
17259
184398
178127
106290
102553
142576
24471
17625
82075
30256
40592
64468
121641
65390
116124
82742
142239
144195
61129
149838
32837
162903
148926
123564
150203
20009
120680
183553
151007
104288
68706
51544
138502
171407
144386
125780
100889
192917
176399
176174
124833
114899
123398
138729
84467
184774
145200
15459
166631
75839
169511
70982
89944
149499
118627
87163
170416
25182
182150
26062
199804
12166
106095
78196
47885
11666
193821
83209
95638
90118
178517
153394
89810
116832
107993
162544
195897
119605
59359
80026
150808
24768
187560
175718
166407
153908
105021
113336
170855
22468
80408
197837
154578
7387
122133
12084
157485
185729
113981
44365
111372
71244
104318
150873
170591
59983
117484
71184
45506
138827
6431
103516
40576
18190
169851
47360
172434
199424
139273
169619
158853
55126
19174
21857
104731
171735
15672
94418
79970
105054
85862
91830
14998
123115
34060
17581
170775
135144
29711
122064
183341
130864
44030
49064
164283
155831
181586
115048
197346
69374
39494
40535
108683
135107
77228
118211
181869
89441
65152
14833
176280
92829
160729
79661
73691
65594
171428
176863
146334
180527
86081
108295
160524
46376
131468
83880
18752
25263
134614
33954
187546
185242
116410
111492
50044
170670
24487
39880
192274
23843
134145
83265
158023
60292
177664
95894
86542
48439
173525
7112
156099
15223
31423
142854
83639
29456
56828
190830
24979
65853
111480
89136
147900
42738
142966
11078
114793
108231
73204
86564
185698
62270
105042
58325
28950
168004
161362
101392
32110
159388
41858
88224
60690
132358
186901
18238
145830
179299
16164
194619
180024
117505
39807
135572
43714
19382
75614
7367
69743
67432
113305
59735
166450
49991
192957
164550
82467
65644
142424
65672
167654
77400
126081
26512
91563
34200
133172
147375
119005
111238
41255
57150
38419
144388
57976
172131
167848
127395
159196
14725
104699
25654
66111
167769
24644
153729
43070
141505
50860
148825
30011
56787
102120
162266
182901
29139
44112
104166
53078
162162
16746
142171
17361
171831
79597
156223
28747
139867
132609
54358
133554
163805
155834
19169
82412
100780
22236
13446
139389
64059
133977
80379
32395
62135
154881
178275
199843
149971
45317
189849
183983
195016
50619
99132
154289
74777
97394
33589
182815
122780
191286
76679
64898
155498
179038
146384
182784
118259
68963
95319
49235
134201
10514
178420
72989
93211
95310
175647
156683
7322
126299
58549
75084
182107
72700
65132
70234
47422
68540
171545
199950
86498
75109
105412
166360
121131
112640
162013
88781
149509
37165
97829
71531
77644
164886
13564
24856
156405
191707
120557
158822
107224
21084
160896
100794
122986
92138
194552
23989
22204
8511
48470
58338
107807
78975
127780
55971
194822
114623
81792
80737
133896
104974
139636
104501
198718
137338
127547
45057
52568
141195
56168
79122
136480
120533
71064
138455
108368
134099
35187
177452
98305
136183
24637
89898
67120
151351
10522
137983
39242
146388
110968
60815
45592
63802
100864
184102
70096
34142
175220
85726
71022
13295
46931
163656
113857
45659
85967
195598
50194
163583
103812
178999
197735
34884
131223
119308
52237
26347
111686
71438
5830
120445
66369
113885
77957
116445
18895
23837
113496
88727
110037
12396
44057
60807
107259
65872
86192
105742
78150
33657
178544
154237
178745
48775
160390
177550
177901
194720
6847
138943
147845
46128
151171
144929
21219
139268
109110
162551
23612
147588
154287
35072
32343
151875
83235
184213
170310
121921
88285
35086
16940
155782
42425
76303
17000
105852
91171
107888
147960
113148
142805
11179
32776
124245
172427
58809
198146
120921
41905
162272
117900
73855
8106
95544
168472
119503
79890
137416
144859
58038
172113
41404
146337
100352
187658
116498
186579
182862
179364
88124
114489
9459
122036
152541
48386
112073
182531
7702
14590
95666
14107
185715
17089
184091
32651
81448
93332
121593
172480
82783
56203
145177
56843
23489
55240
172601
182628
101764
159446
51452
179474
116007
102336
163690
78341
63382
100625
29687
30008
15377
20048
168815
140794
143783
9517
94843
8102
70455
71060
43941
168120
45286
134068
184927
194239
133823
136684
116952
42608
100373
88828
83319
51511
72738
171069
43887
74671
117666
54396
77257
148689
93736
48394
105047
128212
116121
34164
12932
5497
140562
48517
36140
145993
176424
158198
109605
156715
169279
83358
38945
7763
161415
98535
35274
134072
29394
129181
93725
43543
66801
120192
76820
190065
93410
8295
36212
141536
37572
188030
150106
68996
137530
182808
7530
107809
7936
12188
172050
189397
137730
68872
67564
19134
156828
31644
162187
25888
150112
74739
101118
174151
11725
131939
145054
80549
198899
120135
22400
76577
117770
170046
113974
97933
73164
150887
118701
104729
12431
174602
54728
90569
96512
140118
88342
167260
48633
20928
92743
27203
11588
84947
136938
158163
31044
109132
195491
164521
87873
95703
6056
186761
53610
181028
92422
147157
70024
180592
127820
187686
97853
44061
131352
132607
59919
99181
18194
16201
152136
167904
178581
173252
68332
143527
96353
90792
186445
127114
90663
15924
20408
57034
108044
36845
103252
66601
160576
57178
170690
114456
33211
12997
94820
37860
182051
79058
19284
140970
176431
157101
82983
157536
18386
27418
186996
60425
150489
138713
121407
148274
113722
66391
24970
69959
50757
165973
83065
134241
131984
29735
168504
162195
43436
125283
85844
15158
160332
189831
100943
76357
68367
97477
178070
147469
99860
181038
142186
57194
104927
45484
196351
80788
198720
175885
199239
14546
195956
66087
89668
88410
110567
23107
25153
100627
12608
162340
19341
68079
141728
59679
101826
198256
168057
172692
116760
71096
10698
136493
139905
48950
142144
61780
11212
27212
91958
174034
149967
93843
166816
90929
134649
60100
72394
196354
59982
177742
22428
173849
27002
35321
53092
53412
180447
160758
149106
162449
80418
158914
66168
174789
171222
159652
115660
99786
90350
118360
194624
98292
48397
184928
26575
89089
61637
27261
23123
181178
126058
187778
64226
155772
148341
146763
158542
151853
33393
69999
96673
199044
187705
54363
85494
176568
120765
142902
11244
107979
37128
158459
138160
153770
22836
57661
102566
12247
114258
62006
165019
79867
151925
86103
29304
199130
107802
172867
37016
182229
95734
167666
8118
106762
25656
29790
53256
7592
46780
140902
64821
179602
43521
102216
22497
186135
47821
38274
40661
20334
192275
58052
178576
30685
137247
184402
37448
143848
79606
81611
158646
132855
171363
62419
76377
82536
40342
85849
154963
158003
152030
146938
181698
76262
84237
171555
163084
34949
20176
147298
164748
97075
57842
169924
5215
134932
50694
20977
165935
191201
161721
119846
139264
106436
173795
93305
43852
117819
92832
152768
103644
134830
185032
57701
147556
58416
184315
23596
17772
88663
45557
93159
170181
170938
150747
19465
54024
17074
65811
11264
115202
136761
114377
135945
67775
55400
145885
124881
44119
185392
113868
175271
122038
139195
185677
155690
190595
129980
148428
16100
26411
40530
45923
141569
47204
126496
71409
115359
59823
32274
5436
180944
93039
116101
137005
20596
33489
37214
125020
51599
158850
103484
90129
30219
30800
143397
112455
173047
28578
164058
43002
12378
131547
183373
99696
63262
21010
131844
114415
119175
90595
158365
10265
95895
88951
179613
71046
179850
140205
143631
40918
119996
90416
98188
97761
31141
75568
62026
40938
136060
35328
81134
131811
194459
174417
150722
135121
62948
130767
42146
171771
55183
64411
134197
98063
39450
132195
111623
51920
133192
114928
39196
129171
137447
154459
107015
6185
142751
188515
74252
185859
168222
26607
96885
12441
69767
104874
36301
184241
179798
118649
14451
20986
41491
147019
50661
173731
14228
128699
10602
30620
88636
140287
60747
83947
129833
176981
165573
51405
189823
28000
113373
182848
186875
61672
137749
86813
149703
31556
88908
55705
71832
169488
126029
181709
188347
49394
48773
35415
114485
64959
119542
195315
192941
172743
126732
19406
89989
108326
42823
97913
106391
71475
192543
184894
6666
164568
175300
92605
87596
171625
13314
81760
48837
113719
148846
48803
50957
92062
125575
136754
168637
194869
128367
195928
174752
14317
50547
158554
189374
172944
10370
114443
40701
138091
119937
23316
163039
174995
145867
104232
50604
26653
117276
7064
197084
89343
61179
54852
19846
197045
143971
99142
83493
141348
71015
39896
156945
28743
189334
130299
186342
113302
145661
10180
50780
155140
6559
172557
90469
93709
143290
33677
125562
106037
145548
13835
149663
60575
109559
38494
164124
178168
18755
45169
35659
34724
42696
137673
175964
121907
55849
158669
138793
30332
132654
152491
12961
43989
10302
173999
160761
142184
47468
124509
162293
172606
192386
7638
54812
124865
72629
126085
188668
42852
180328
16385
95711
22716
157426
189841
189547
160334
112559
97974
24549
40955
77297
47678
75043
48974
108436
60898
67794
178022
124158
90545
174592
106971
199720
142778
143068
68995
143240
60689
165938
47277
35256
37221
26807
112379
190884
131889
177156
50713
114195
199675
88804
104999
93936
21068
147273
169712
99416
126315
11432
160338
112025
179335
110443
165654
77724
67805
93657
169681
104347
63307
72614
107773
37311
71166
25553
13934
54585
14952
152229
23646
167496
177020
44865
87335
186129
38569
17316
112264
147179
96009
33116
108885
17524
62722
78755
131820
136222
85786
190261
71799
12375
129268
18776
76555
156600
152942
116697
185423
35937
114682
27783
38999
188721
134323
57057
160590
66990
120278
54473
38838
5408
155597
179077
137077
31866
51711
154948
64461
100674
71914
19783
36989
104119
65520
123251
15484
37344
178837
77767
169643
166009
156955
147905
144985
54799
156829
133990
190417
163248
162748
40746
179101
169311
52542
40754
45279
144029
160697
193473
119317
151641
137649
124397
132574
99251
64356
8571
34257
121481
108016
142273
148680
126876
29736
155519
13009
73781
64535
155017
77354
73654
122177
83751
145978
158974
158940
116161
195376
61414
122522
176685
5734
101972
148566
19694
25342
36167
94667
90990
118730
20066
163661
140650
178095
8318
122334
61638
190257
97032
84020
156587
87984
101119
28749
48575
196162
146734
40169
187146
139454
117129
196652
124097
190465
108167
32816
181628
85478
106106
125161
141901
32162
152297
192420
153646
164905
164916
34665
168401
120274
159067
44203
71711
26899
199061
96438
177735
128573
58300
183477
77941
83861
185262
196878
127777
9619
61895
112555
21184
41862
30986
98321
12695
105144
114222
113154
83666
130879
42778
166259
150266
157807
151276
63716
67062
182256
133229
27881
27445
28334
119604
198586
80074
161008
187702
56377
190557
81169
164468
37099
35148
84341
103871
131012
83296
144098
173151
176862
20065
187038
112304
185394
44985
127551
80039
75306
178791
160730
138019
185607
62812
17193
34947
81887
187292
92590
92179
10595
47040
182858
8503
26094
62547
175093
84394
149398
78991
117724
83986
27334
193194
129425
70095
181888
94703
42963
178176
80346
60918
22346
153002
189824
41781
122541
158112
73432
150505
184701
54371
184880
92806
12072
69174
131970
104453
94621
112593
63561
129396
93978
103793
145779
42019
56976
87320
68861
109835
173319
6936
65454
143429
70157
15224
83208
65954
133577
29371
113798
55627
62253
29642
71118
58923
89297
22741
81767
102656
98257
53674
84203
148296
59914
16984
37297
8143
9058
29445
109686
32732
41041
51851
48182
50180
81766
75855
196893
107754
87127
167239
193413
168420
139688
181419
143049
191497
13018
163446
129131
59315
120048
26300
13507
94907
6273
100664
110391
162587
24030
39908
186308
89013
196055
11809
108928
103060
61888
35392
52851
92516
124230
102507
6619
123328
19323
96639
22147
178114
199334
93228
120611
194400
148467
43357
168730
195261
65322
124145
137770
28789
165225
53890
134919
163275
137922
21453
22031
128486
29398
145412
194571
81777
128982
180811
51985
93214
107688
167809
81834
167337
5264
66223
34711
168272
33199
69093
199920
197155
99716
10126
140385
192255
158352
102296
144010
107018
34902
105417
85645
186138
124524
21391
139124
43841
165121
14471
155302
155142
72131
52475
167054
171164
9160
32399
122906
11668
143349
11600
199511
192462
22940
103732
38077
118096
88924
96146
26288
155287
63248
122563
123715
161403
131553
58490
37618
120532
78606
110238
147116
57037
71728
37142
126744
105944
55160
89317
132010
95183
191508
191677
104571
168936
17852
52870
67273
94009
69693
141406
68563
159554
25800
143366
121501
38645
151694
109263
108029
196958
103150
125277
173308
108824
39384
63510
5680
44448
133000
42921
57607
158959
121317
100278
94828
57071
10492
90263
37183
139177
139961
117271
26202
145910
35631
150971
112590
111891
102188
195104
178893
31063
87755
139423
36123
31358
100668
38321
81877
113563
171982
189934
29904
168395
32701
96170
149948
154415
153763
163037
35732
9468
173506
195930
195516
36498
102719
77628
8018
26455
86561
164408
181607
42903
143399
15266
126329
19288
102117
35655
88325
18840
153420
184527
59655
78055
164224
99057
15152
32809
121858
120452
124259
30186
72139
35435
88440
149874
105245
16223
56000
149476
61757
10432
36629
180426
119541
138454
14341
165004
160568
55031
87934
52056
119263
27341
10157
48702
104376
133058
112537
172759
19393
10963
128467
12771
14396
88549
110853
93163
46514
25869
140923
190287
58276
46215
22692
93221
19083
81926
90121
107952
115181
17389
81011
27594
167887
72906
21569
26257
103788
174495
192351
188465
194017
180281
192732
168923
170464
171392
109765
88529
123438
74936
162025
113340
30087
86694
101670
49097
45818
13513
74669
47828
140901
78225
93185
152467
192152
54281
72879
89340
140936
136098
167541
183206
31492
115865
106521
62665
139460
195254
126860
113566
181105
142331
95966
102494
71975
190091
109011
11711
53973
183032
110224
116039
184053
131134
187420
194888
149298
60312
161253
69728
33679
96210
23338
65588
167556
131732
82203
180782
12916
122809
48860
174748
116242
152193
141486
26876
26864
171584
133766
9126
25974
60244
125635
148938
167253
113341
96118
185766
164939
50165
38140
179543
34319
72568
12780
45388
56170
197898
90025
175312
14633
28462
68547
169602
65680
62105
32565
101008
117879
152523
66088
159183
14130
127217
49664
123521
175307
87395
51534
84033
120560
54850
47389
80808
157365
161039
76630
196628
168311
137825
178291
43972
82772
127970
5291
181749
20175
164762
64846
80022
134664
11771
44287
36906
72846
120107
41455
27177
139972
128135
181816
49797
22896
174335
149255
8084
32050
141060
63960
178020
176662
22887
150664
152778
87399
192071
52412
60509
178702
114744
92649
24683
106317
111294
85583
72188
114780
75096
133697
84585
83999
111648
186718
73061
25420
144057
195023
53268
49487
154608
183869
172170
67422
179083
144971
37789
167108
161224
24363
31045
105045
73649
21474
95959
159878
140877
195482
63868
64958
82082
91911
38547
67813
17048
123573
28423
87159
191569
25365
170256
17909
184852
27227
129123
55589
122859
99866
51797
195274
56387
160116
174983
74600
128182
16239
157319
196540
19720
159005
83245
92487
147927
94964
75940
106688
146548
86796
27125
127493
16185
124519
135402
172915
160736
81668
80001
43894
179223
135518
82195
174908
5764
176828
108200
51630
72636
116213
189833
197497
156100
48949
52621
17844
9712
177637
40214
184575
137610
105283
54935
76126
126548
148944
93954
153767
76883
144213
191415
163344
144853
21171
153902
72292
170905
102167
109693
146739
178451
117594
65756
80685
19939
140063
34945
34278
53428
49990
172379
182385
118356
134566
49320
136649
41265
185062
9136
138944
109789
30334
173657
197530
172848
189164
50476
103916
122813
100859
6157
148232
198866
38852
90805
85830
168895
70173
111263
24523
108953
30531
125367
122535
79553
65549
139258
104710
178107
7072
13414
7782
78892
159355
174965
137481
52410
103098
150652
74020
26249
156043
97963
149376
151971
17918
146093
99172
121574
92025
28180
119024
151372
20406
116438
40228
126215
100153
136477
135269
93605
144698
177155
111675
140461
188023
165897
166471
5313
10451
132051
28086
28320
9555
183170
111856
5390
99208
50752
27405
5071
85330
118230
46971
157016
160633
124922
141938
13845
192520
186382
85471
107084
129802
99260
141479
25885
36178
191446
27654
133012
87193
148721
168027
183363
38810
180987
115426
148956
130778
153210
167717
55271
181557
41276
57754
41474
154240
144812
21568
167757
122376
90785
112193
134267
40655
63335
9905
135586
90716
130655
118172
146976
47607
20020
119753
37604
172914
109839
67262
140576
105394
114031
105337
78117
154718
36839
166926
143633
127598
179748
56086
119653
149166
61952
191852
20637
37656
175505
163412
89892
96383
64480
24330
151490
192227
55802
120027
173121
99186
103319
185460
136844
65749
57561
133246
41735
82347
7517
38971
168708
146330
46029
139943
189573
124653
121792
117642
41482
113554
34779
24731
108116
33424
32392
55669
23789
23914
191027
194234
199517
112912
55213
181613
159247
186178
165876
39200
141583
9083
176728
35371
48227
75074
8604
175661
159123
39660
183460
32850
32422
165524
58334
193873
108140
159257
27110
106032
10430
111631
151988
47439
153062
120289
68681
32717
16430
187759
13346
46948
45269
193650
173913
161233
162132
153987
59826
46379
48118
10188
63348
18371
57268
107418
65512
185496
85056
16025
146012
100052
164630
199041
159993
87782
85086
197965
101304
157739
78687
42456
47063
196739
83429
114577
69727
128478
189570
136821
47662
66658
110452
69313
147306
166322
175470
64348
34507
46340
55079
151674
112781
160815
132712
42576
90956
109356
82258
46850
176531
183048
127569
140433
106542
137202
40092
13853
159284
178680
64067
123029
181758
48137
117138
30539
21045
56848
158468
168429
10552
107916
39166
160902
106504
111991
12603
79763
69387
163911
197427
26936
88422
38099
136812
98582
167342
154057
156661
185515
145299
112239
99842
87882
119143
144503
122445
28121
173568
144704
110251
13606
7051
6053
180883
89861
67655
106280
139576
91174
115914
34744
119562
157243
176891
149583
53546
124978
115576
84576
87198
88269
150686
117327
68520
100120
193137
122871
104209
100639
183719
65941
104018
61332
68337
160399
50188
164810
103362
120297
124655
38342
182785
106559
11464
124778
89510
189753
153397
86804
51594
19450
53129
150991
100955
150330
65678
100990
191344
66841
107715
145009
21824
35519
176322
143694
138747
106424
167278
6943
8963
183346
122819
54655
15832
173465
18077
151387
183524
46752
177351
24600
161735
132759
120020
153762
43359
98414
191667
122263
7240
50644
124783
176251
18985
149580
120520
33151
6180
151860
189005
71641
174444
194583
131543
9977
16293
104996
156400
105540
193468
24890
149108
155740
143320
119172
24745
133309
92622
179463
125510
158203
139066
111086
107622
96923
134641
11377
96356
112984
159796
101635
53664
59650
177228
74205
42800
15393
86468
21921
93344
69717
157557
145530
141236
31287
43382
62004
170156
95873
185083
74695
72294
110819
36817
195958
125684
120901
133222
175495
169609
169428
67691
123932
28338
149735
68271
174022
109460
116540
26101
152325
20651
44936
24399
163399
12158
165901
157682
35502
112404
31635
182120
15722
198558
43319
29708
147545
189914
197477
43723
44327
182352
6066
133898
9309
171789
169819
102721
187920
86970
71324
173697
53795
13371
144599
182075
129609
40906
140153
109779
32295
166673
181636
195150
79451
172756
48968
190386
177150
17241
95366
129129
52398
17640
