505
529
540
569
576
611
638
659
661
714
744
779
848
857
859
865
867
884
888
889
918
922
951
953
959
984
1009
1020
1055
1074
1077
1079
1098
1120
1136
1142
1147
1159
1172
1202
1232
1338
1357
1378
1383
1388
1390
1397
1400
1412
1419
1446
1453
1505
1518
1529
1567
1606
1609
1625
1627
1629
1675
1685
1688
1730
1740
1748
1749
1752
1770
1786
1798
1799
1809
1820
1848
1868
1871
1883
1911
1928
1932
1934
1972
2000
2003
2013
2057
2071
2087
2110
2119
2128
2161
2172
2174
2184
2186
2198
2211
2215
2216
2242
2264
2290
2293
2358
2376
2387
2406
2443
2455
2463
2466
2483
2500
2587
2623
2663
2679
2692
2700
2712
2735
2776
2816
2839
2869
2910
2913
2947
2979
3076
3090
3092
3152
3165
3171
3221
3243
3340
3345
3371
3401
3429
3448
3480
3509
3528
3531
3543
3580
3602
3628
3681
3711
3765
3769
3777
3808
3809
3818
3850
3911
3922
3931
3936
3959
3966
3985
3987
3994
4000
4018
4033
4097
4100
4125
4130
4132
4143
4149
4249
4285
4306
4312
4319
4321
4363
4397
4399
4412
4449
4460
4461
4463
4518
4533
4558
4611
4614
4634
4645
4704
4744
4751
4806
4820
4832
4854
4857
4875
4886
4894
4902
4907
4909
4971
4978
5013
5063
5079
5100
5104
5139
5157
5162
5164
5211
5286
5298
5310
5359
5414
5443
5450
5462
5494
5496
5505
5506
5511
5544
5556
5572
5598
5601
5610
5618
5625
5636
5650
5684
5691
5700
5731
5758
5760
5765
5766
5805
5869
5872
5883
5894
5906
5917
5918
5920
5971
5979
5980
5993
6022
6078
6092
6105
6117
6127
6151
6152
6185
6193
6194
6243
6246
6267
6295
6300
6310
6315
6341
6406
6415
6417
6428
6438
6466
6469
6470
6510
6587
6603
6605
6633
6651
6697
6706
6724
6731
6745
6789
6792
6808
6817
6858
6861
6864
6872
6874
6888
6918
6940
6945
6952
6956
6957
6974
6982
6986
6988
7022
7063
7107
7139
7187
7206
7266
7299
7302
7317
7396
7400
7422
7451
7458
7466
7484
7488
7489
7490
7507
7550
7568
7578
7581
7588
7590
7597
7619
7635
7642
7655
7666
7674
7687
7704
7729
7768
7783
7788
7807
7832
7850
7881
7899
7918
7950
7966
7987
7992
8006
8009
8047
8050
8089
8114
8122
8129
8170
8172
8241
8248
8288
8296
8340
8380
8383
8401
8406
8417
8418
8430
8434
8437
8441
8446
8452
8533
8548
8577
8597
8619
8647
8681
8713
8719
8749
8767
8774
8815
8881
8934
8949
8957
8995
9002
9004
9021
9036
9062
9067
9070
9074
9075
9081
9088
9103
9141
9146
9166
9172
9178
9244
9262
9286
9298
9327
9355
9371
9381
9392
9393
9434
9442
9448
9471
9514
9533
9541
9550
9567
9593
9596
9600
9619
9631
9632
9650
9666
9679
9730
9741
9743
9752
9809
9819
9824
9830
9846
9861
9863
9868
9890
9943
9957
9962
10016
10055
10086
10088
10121
10143
10189
10248
10285
10288
10313
10345
10356
10361
10393
10419
10451
10482
10511
10552
10560
10570
10650
10682
10704
10715
10766
10815
10830
10834
10859
10908
10922
10939
10955
11010
11031
11089
11091
11156
11166
11237
11322
11339
11358
11388
11398
11415
11428
11460
11469
11474
11495
11499
11517
11521
11535
11537
11563
11568
11594
11604
11647
11751
11771
11783
11822
11837
11840
11877
11885
11901
11902
11906
11921
11952
11963
11964
11989
11992
12011
12028
12084
12090
12103
12129
12146
12149
12150
12163
12167
12216
12218
12220
12233
12273
12316
12338
12365
12366
12387
12411
12420
12422
12431
12445
12446
12471
12481
12483
12558
12575
12586
12595
12607
12610
12615
12657
12673
12693
12718
12757
12768
12770
12807
12820
12833
12850
12860
12867
12872
12990
12998
13039
13058
13063
13079
13087
13129
13135
13155
13176
13210
13215
13229
13230
13231
13236
13245
13250
13256
13262
13278
13328
13337
13338
13423
13433
13449
13454
13469
13481
13489
13494
13497
13502
13509
13531
13556
13566
13574
13576
13586
13591
13623
13649
13653
13707
13729
13769
13791
13797
13837
13908
13948
13959
13971
13985
14034
14040
14056
14102
14108
14119
14140
14145
14155
14185
14187
14199
14220
14328
14334
14352
14355
14376
14399
14424
14426
14442
14444
14453
14466
14467
14477
14478
14487
14505
14507
14520
14533
14553
14559
14572
14579
14688
14722
14729
14738
14750
14756
14791
14797
14799
14896
14908
14921
14956
14957
14998
15035
15060
15063
15064
15079
15108
15119
15129
15145
15181
15182
15192
15204
15246
15253
15319
15351
15369
15376
15380
15391
15402
15403
15415
15423
15440
15443
15459
15462
15468
15493
15519
15531
15537
15548
15549
15555
15556
15566
15567
15568
15578
15591
15620
15645
15647
15682
15684
15701
15706
15743
15755
15772
15789
15797
15800
15812
15831
15851
15862
15864
15871
15878
15936
15938
16006
16011
16030
16038
16042
16060
16063
16083
16084
16085
16109
16112
16121
16129
16151
16190
16197
16249
16271
16319
16364
16378
16390
16397
16430
16482
16492
16496
16517
16539
16547
16612
16644
16645
16729
16737
16796
16819
16847
16874
16877
16890
16891
16908
16909
16915
16918
16923
16926
16962
16969
16987
16989
16990
17002
17004
17012
17026
17043
17044
17053
17069
17075
17091
17095
17106
17122
17155
17162
17167
17168
17175
17183
17187
17194
17204
17234
17274
17296
17304
17313
17336
17338
17349
17361
17379
17393
17401
17408
17432
17465
17469
17481
17506
17522
17549
17592
17599
17694
17709
17720
17732
17735
17737
17757
17775
17857
17903
17908
17933
17955
17982
17991
18007
18013
18046
18055
18119
18200
18201
18205
18209
18210
18292
18341
18356
18379
18384
18413
18463
18538
18563
18583
18622
18683
18695
18720
18734
18792
18816
18819
18821
18838
18872
18878
18930
18932
18954
18965
18999
19014
19025
19052
19067
19153
19178
19186
19199
19202
19213
19232
19241
19261
19268
19303
19320
19361
19397
19399
19403
19428
19437
19456
19495
19517
19519
19531
19552
19556
19582
19592
19599
19602
19611
19613
19615
19678
19698
19720
19735
19738
19748
19759
19764
19766
19770
19809
19824
19839
19883
19884
19919
19923
19951
19960
19963
19965
