19994
19983
19963
19962
19951
19907
19904
19901
19900
19861
19854
19844
19787
19783
19773
19736
19725
19712
19708
19693
19688
19681
19679
19674
19673
19635
19631
19619
19612
19602
19571
19560
19533
19529
19515
19512
19503
19493
19491
19488
19481
19455
19443
19437
19424
19392
19375
19367
19355
19348
19334
19312
19299
19255
19244
19241
19207
19194
19177
19175
19141
19137
19089
19085
19044
19037
19002
18971
18964
18931
18923
18912
18906
18879
18860
18812
18805
18800
18763
18747
18744
18734
18726
18723
18708
18705
18677
18642
18641
18626
18606
18598
18563
18539
18532
18498
18490
18476
18470
18452
18447
18445
18407
18389
18384
18368
18366
18349
18342
18318
18304
18284
18282
18280
18276
18267
18266
18263
18248
18236
18234
18233
18216
18208
18186
18183
18160
18157
18123
18102
18083
18082
18068
18060
18041
17977
17958
17930
17925
17915
17891
17873
17871
17852
17849
17848
17821
17807
17793
17792
17783
17775
17755
17753
17743
17741
17740
17727
17722
17719
17715
17706
17704
17679
17671
17668
17663
17656
17647
17639
17638
17630
17620
17619
17612
17611
17608
17597
17595
17592
17575
17557
17523
17485
17481
17475
17466
17446
17444
17440
17439
17437
17413
17411
17392
17389
17369
17368
17365
17358
17356
17346
17345
17339
17337
17306
17284
17249
17227
17194
17186
17145
17144
17139
17086
17082
17079
17064
17057
17034
17019
16993
16982
16961
16937
16902
16901
16899
16887
16874
16855
16840
16766
16754
16751
16727
16712
16689
16687
16669
16651
16640
16630
16623
16602
16601
16598
16580
16576
16544
16530
16499
16494
16493
16486
16470
16445
16420
16395
16389
16375
16371
16370
16350
16317
16288
16264
16253
16227
16217
16199
16181
16162
16155
16149
16061
16060
16043
16039
15990
15986
15972
15955
15940
15911
15906
15887
15879
15863
15862
15852
15834
15819
15783
15775
15773
15762
15758
15755
15751
15732
15720
15709
15700
15696
15676
15637
15614
15613
15609
15560
15546
15545
15526
15514
15503
15502
15490
15485
15482
15437
15433
15425
15371
15362
15350
15348
15334
15328
15317
15310
15300
15296
15267
15262
15258
15194
15187
15186
15161
15140
15102
15095
15091
15069
15052
15031
15016
15012
14987
14977
14970
14962
14940
14937
14923
14892
14885
14881
14832
14825
14816
14787
14769
14767
14717
14714
14656
14652
14646
14627
14609
14595
14588
14569
14550
14535
14533
14522
14516
14514
14512
14475
14464
14458
14420
14408
14403
14388
14375
14364
14345
14337
14334
14296
14272
14253
14248
14243
14211
14184
14173
14144
14127
14120
14111
14107
14081
14073
14044
13992
13989
13973
13932
13926
13923
13899
13897
13864
13848
13838
13832
13811
13799
13786
13732
13712
13667
13648
13616
13598
13569
13568
13552
13503
13486
13470
13458
13451
13442
13438
13421
13417
13416
13412
13385
13380
13374
13360
13356
13352
13334
13313
13312
13260
13259
13250
13235
13232
13195
13190
13176
13174
13168
13157
13155
13137
13132
13129
13128
13115
13075
13071
13037
13019
12989
12974
12965
12955
12943
12915
12903
12901
12893
12875
12859
12857
12781
12774
12773
12726
12693
12685
12679
12651
12646
12642
12619
12616
12587
12585
12582
12576
12555
12543
12542
12537
12512
12509
12505
12474
12451
12441
12437
12424
12420
12412
12400
12387
12361
12328
12313
12290
12273
12255
12236
12221
12212
12191
12187
12174
12159
12130
12124
12109
12094
12074
12070
12062
12060
12059
12052
12034
12032
12000
11999
11967
11932
11920
11919
11906
11873
11872
11839
11833
11813
11806
11796
11793
11779
11777
11730
11699
11695
11686
11671
11668
11660
11633
11625
11582
11559
11558
11535
11529
11452
11417
11409
11387
11368
11362
11334
11323
11310
11307
11306
11281
11277
11266
11256
11225
11214
11204
11183
11180
11176
11166
11158
11153
11143
11132
11076
11056
11029
11007
11003
10950
10945
10928
10922
10880
10879
10857
10851
10826
10808
10796
10756
10743
10724
10693
10689
10681
10674
10660
10618
10613
10603
10595
10582
10524
10513
10501
10494
10487
10482
10471
10462
10418
10382
10379
10376
10361
10338
10337
10306
10290
10262
10257
10216
10205
10182
10175
10167
10158
10104
10090
10059
10047
10045
10042
10033
10016
10015
9998
9959
9938
9918
9914
9900
9898
9859
9852
9838
9824
9818
9803
9802
9768
9761
9760
9759
9738
9736
9719
9714
9698
9697
9694
9684
9682
9653
9643
9633
9608
9606
9584
9566
9559
9553
9546
9544
9515
9507
9493
9458
9457
9440
9400
9352
9332
9331
9324
9322
9311
9296
9281
9266
9260
9248
9219
9213
9191
9188
9183
9164
9163
9141
9139
9120
9112
9111
9104
9083
9079
9077
9052
9051
9046
9031
9005
8997
8959
8947
8931
8928
8902
8897
8856
8836
8833
8824
8823
8819
8799
8794
8782
8773
8772
8767
8741
8716
8697
8669
8664
8627
8609
8606
8599
8561
8555
8548
8518
8505
8492
8476
8472
8433
8420
8396
8376
8368
8357
8355
8348
8311
8301
8289
8257
8193
8172
8158
8152
8098
8096
8082
8081
8046
8043
8041
8038
7984
7979
7971
7953
7951
7916
7913
7906
7891
7890
7887
7882
7879
7836
7815
7790
7759
7743
7727
7700
7688
7638
7628
7583
7572
7528
7524
7510
7464
7459
7457
7451
7428
7423
7372
7361
7339
7280
7276
7274
7255
7247
7244
7237
7220
7217
7212
7210
7184
7178
7142
7136
7120
7115
7106
7071
7025
7021
7009
7006
7002
6999
6990
6985
6983
6954
6952
6941
6939
6931
6922
6920
6919
6912
6911
6886
6881
6877
6863
6861
6852
6827
6820
6818
6786
6778
6777
6747
6710
6706
6696
6668
6666
6657
6555
6538
6537
6533
6531
6516
6510
6475
6461
6436
6429
6415
6382
6374
6364
6357
6350
6342
6329
6324
6308
6303
6268
6259
6255
6254
6247
6179
6141
6137
6129
6126
6115
6105
6095
6094
6075
6068
6030
5981
5973
5969
5934
5896
5890
5875
5874
5872
5832
5822
5808
5804
5789
5770
5743
5730
5723
5711
5688
5681
5662
5632
5630
5628
5600
5595
5588
5554
5547
5505
5498
5489
5458
5449
5437
5410
5395
5382
5378
5377
5348
5337
5330
5325
5301
5249
5244
5210
5199
5191
5179
5169
5164
5136
5132
5121
5119
5107
5095
5090
5086
5084
5065
5044
5019
