5008
5013
5060
5097
5115
5123
5133
5148
5187
5190
5228
5243
5251
5263
5296
5337
5362
5363
5371
5412
5419
5429
5447
5467
5475
5501
5533
5603
5614
5615
5620
5623
5676
5677
5708
5717
5750
5767
5777
5781
5795
5796
5810
5836
5838
5855
5909
5942
5959
6051
6087
6122
6126
6129
6154
6213
6223
6224
6234
6255
6280
6281
6309
6314
6319
6331
6350
6362
6370
6400
6406
6410
6428
6454
6463
6466
6479
6483
6490
6504
6506
6512
6539
6557
6575
6598
6635
6648
6669
6670
6680
6716
6723
6748
6756
6786
6794
6798
6810
6817
6842
6879
6884
6918
7003
7006
7025
7037
7038
7050
7052
7065
7075
7077
7082
7118
7135
7138
7147
7160
7185
7259
7261
7269
7283
7297
7301
7353
7363
7378
7389
7391
7396
7417
7427
7428
7431
7442
7443
7444
7450
7460
7468
7469
7471
7495
7538
7541
7563
7588
7594
7603
7616
7628
7630
7635
7653
7671
7672
7678
7683
7691
7698
7709
7713
7725
7726
7742
7757
7777
7799
7806
7807
7867
7881
7914
7942
7964
7981
8024
8065
8066
8069
8072
8134
8139
8142
8143
8144
8152
8154
8170
8175
8193
8262
8302
8317
8320
8331
8333
8353
8361
8386
8402
8423
8425
8472
8488
8510
8516
8527
8624
8628
8649
8673
8705
8717
8755
8762
8782
8790
8819
8835
8871
8928
8945
8956
8967
8969
8977
8994
9014
9022
9067
9073
9095
9101
9113
9153
9158
9199
9208
9264
9290
9340
9351
9362
9366
9430
9435
9456
9484
9644
9646
9714
9751
9771
9806
9846
9860
9871
9879
9881
9893
9900
9934
9943
9954
9961
9986
10011
10014
10033
10085
10099
10102
10111
10136
10143
10145
10153
10154
10163
10177
10178
10191
10215
10216
10225
10256
10262
10318
10320
10344
10345
10420
10424
10483
10515
10516
10517
10540
10543
10586
10592
10602
10608
10635
10649
10659
10662
10672
10705
10713
10719
10720
10727
10731
10779
10811
10834
10860
10863
10878
10906
10948
10953
10962
11043
11055
11058
11078
11128
11171
11238
11268
11271
11288
11343
11349
11378
11398
11418
11434
11482
11619
11643
11674
11703
11714
11740
11767
11773
11821
11830
11835
11836
11838
11850
11854
11876
11904
11928
11949
11955
12030
12036
12068
12070
12074
12078
12079
12092
12111
12117
12123
12192
12198
12227
12274
12292
12305
12335
12359
12362
12375
12382
12391
12426
12453
12459
12461
12475
12542
12551
12562
12574
12634
12642
12644
12645
12651
12666
12681
12711
12772
12808
12819
12849
12858
12878
12882
12890
12906
12934
12982
12984
13012
13027
13077
13081
13084
13094
13104
13119
13170
13180
13188
13200
13211
13225
13228
13245
13252
13277
13287
13309
13322
13340
13351
13422
13426
13443
13451
13489
13508
13509
13513
13540
13549
13610
13635
13665
13674
13681
13682
13689
13722
13739
13807
13828
13829
13874
13931
13964
13986
13987
14002
14012
14014
14029
14030
14170
14209
14219
14261
14265
14276
14289
14293
14305
14314
14322
14332
14335
14341
14350
14357
14365
14369
14391
14396
14398
14401
14404
14412
14423
14430
14439
14469
14477
14501
14511
14518
14525
14550
14568
14572
14582
14613
14641
14650
14651
14705
14709
14765
14778
14799
14850
14955
14970
15005
15009
15014
15034
15038
15044
15095
15168
15169
15173
15174
15188
15195
15198
15245
15252
15257
15260
15271
15300
15316
15362
15381
15392
15394
15438
15463
15492
15501
15509
15541
15549
15555
15569
15583
15591
15602
15631
15667
15671
15683
15708
15771
15860
15869
15874
15887
15901
15912
15922
15949
15950
15953
15956
15977
15991
16020
16105
16106
16121
16175
16209
16211
16238
16243
16246
16254
16264
16307
16341
16343
16359
16374
16462
16471
16483
16501
16520
16564
16590
16591
16593
16594
16608
16617
16638
16692
16787
16798
16820
16860
16863
16875
16879
16894
16900
16931
16936
16959
16996
17001
17015
17022
17026
17095
17100
17121
17141
17183
17207
17214
17215
17253
17262
17275
17298
17320
17334
17338
17340
17362
17367
17393
17504
17532
17559
17582
17589
17612
17656
17661
17696
17717
17723
17741
17747
17782
17814
17821
17841
17848
17868
17876
17885
17932
17941
17945
17963
17966
17974
17976
18001
18049
18057
18060
18067
18077
18081
18084
18094
18104
18170
18228
18231
18273
18291
18297
18334
18370
18374
18377
18386
18437
18439
18463
18469
18487
18495
18512
18519
18525
18527
18534
18539
18550
18570
18583
18602
18608
18632
18637
18678
18696
18706
18717
18733
18760
18765
18774
18777
18784
18796
18797
18835
18865
18873
18891
18900
18915
18921
18946
18996
19002
19016
19038
19063
19076
19087
19104
19120
19143
19165
19199
19226
19240
19256
19284
19309
19316
19343
19375
19393
19401
19423
19447
19482
19486
19490
19498
19535
19556
19557
19615
19621
19627
19641
19655
19683
19692
19720
19728
19738
19766
19776
19789
19815
19816
19838
19863
19907
19941
19959
19978
20028
20039
20057
20065
20073
20099
20115
20163
20181
20206
20217
20237
20302
20308
20312
20327
20340
20368
20399
20407
20421
20464
20482
20539
20549
20568
20578
20586
20624
20639
20648
20659
20661
20710
20712
20778
20804
20829
20832
20838
20890
20894
20924
20926
20958
20961
20965
20966
20972
20993
20996
21063
21067
21100
21106
21108
21131
21145
21156
21164
21223
21265
21274
21315
21340
21341
21352
21354
21376
21422
21426
21459
21489
21492
21493
21516
21519
21525
21527
21528
21531
21548
21555
21594
21602
21615
21622
21655
21657
21664
21665
21676
21680
21690
21693
21730
21731
21752
21799
21805
21829
21851
21886
21887
21895
21896
21898
21922
21930
21943
21961
21969
21994
21995
22027
22052
22065
22106
22110
22127
22129
22139
22217
22266
22291
22300
22305
22309
22315
22316
22344
22347
22356
22385
22409
22436
22533
22540
22559
22573
22587
22668
22692
22727
22731
22752
22763
22796
22808
22825
22828
22835
22837
22838
22840
22867
22877
22886
22888
22952
22965
22968
22975
23009
23030
23064
23092
23102
23130
23131
23138
23143
23144
23161
23166
23213
23214
23229
23232
23258
23270
23277
23278
23280
23322
23323
23327
23339
23348
23358
23393
23395
23404
23408
23482
23484
23489
23490
23532
23539
23545
23565
23589
23592
23594
23606
23609
23646
23657
23678
23686
23702
23728
23748
23758
23764
23777
23780
23792
23805
23824
23825
23849
23850
23861
23874
23877
23916
23922
23937
23986
23992
24017
24019
24049
24052
24056
24059
24118
24138
24160
24164
24190
24204
24216
24241
24257
24292
24363
24365
24386
24451
24468
24489
24491
24506
24509
24519
24536
24557
24582
24645
24651
24675
24686
24696
24705
24725
24741
24750
24766
24767
24768
24772
24800
24820
24823
24839
24861
24872
24882
24890
24896
24898
24943
24967
24981
24991
24995
25049
25066
25098
25111
25142
25151
25154
25164
25188
25214
25243
25378
25379
25393
25405
25428
25458
25483
25491
25501
25502
25513
25528
25535
25608
25630
25652
25686
25710
25743
25809
25810
25824
25884
25913
25919
25922
25935
25941
25944
25977
25985
26030
26039
26057
26110
26147
26152
26156
26166
26169
26181
26209
26228
26253
26265
26277
26278
26286
26308
26309
26347
26376
26426
26439
26443
26486
26493
26529
26576
26596
26600
26603
26613
26615
26624
26666
26671
26678
26717
26725
26733
26752
26813
26826
26840
26898
26929
26949
26956
26959
26967
26997
27019
27022
27023
27070
27129
27153
27165
27200
27207
27220
27243
27254
27288
27300
27304
27307
27326
27365
27366
27377
27379
27404
27486
27487
27491
27542
27581
27590
27601
27615
27623
27624
27626
27687
27752
27756
27773
27784
27792
27826
27846
27864
27872
27879
27931
27935
27949
27955
27963
27994
28007
28017
28034
28055
28059
28072
28079
28084
28102
28106
28118
28145
28146
28150
28166
28167
28175
28182
28199
28205
28224
28233
28256
28257
28278
28375
28399
28407
28443
28454
28460
28472
28515
28519
28585
28596
28597
28602
28642
28669
28730
28736
28737
28738
28757
28761
28769
28801
28803
28804
28807
28816
28830
28834
28852
28871
28873
28900
28914
28926
28948
29004
29005
29020
29054
29100
29107
29121
29124
29144
29175
29196
29205
29207
29215
29263
29300
29309
29310
29314
29422
29427
29429
29437
29469
29472
29475
29490
29498
29503
29509
29539
29568
29581
29590
29599
29615
29625
29684
29740
29745
29754
29761
29782
29791
29838
29839
29842
29855
29868
29877
29903
29913
29918
29953
29978
30017
30039
30054
30111
30130
30204
30208
30216
30276
30285
30320
30322
30332
30341
30400
30431
30443
30451
30484
30507
30521
30579
30582
30583
30616
30617
30640
30664
30742
30764
30778
30794
30810
30850
30858
30870
30886
30910
30913
30957
31036
31039
31046
31065
31076
31101
31104
31106
31131
31162
31175
31204
31214
31231
31242
31285
31288
31293
31314
31350
31386
31404
31423
31448
31460
31480
31482
31484
31502
31514
31515
31521
31523
31548
31575
31587
31592
31621
31671
31673
31681
31700
31704
31737
31742
31783
31789
31795
31866
31883
31964
31971
31984
32039
32051
32086
32089
32090
32097
32103
32109
32143
32148
32156
32163
32177
32252
32258
32261
32269
32284
32288
32297
32307
32354
32441
32464
32509
32534
32537
32557
32559
32564
32592
32615
32619
32627
32642
32692
32694
32721
32744
32791
32825
32883
32897
32917
32930
32955
32968
32977
32982
32997
33008
33037
33048
33066
33085
33113
33116
33138
33252
33266
33326
33335
33376
33378
33460
33475
33491
33516
33548
33587
33592
33593
33594
33611
33612
33620
33628
33662
33716
33721
33725
33726
33731
33756
33764
33823
33836
33854
33861
33862
33863
33885
33920
33943
33979
33981
34001
34002
34014
34047
34063
34070
34087
34091
34114
34123
34137
34142
34183
34201
34221
34241
34261
34265
34288
34316
34326
34348
34384
34391
34415
34441
34469
34483
34549
34550
34551
34559
34561
34574
34606
34613
34622
34685
34688
34700
34719
34723
34731
34735
34761
34763
34856
34861
34863
34872
34877
34881
34898
34900
34922
34936
34948
34969
34976
34977
35002
35068
35074
35086
35099
35131
35138
35148
35158
35179
35204
35209
35286
35324
35375
35393
35402
35432
35442
35487
35499
35509
35518
35519
35542
35568
35582
35602
35603
35612
35615
35647
35657
35659
35674
35705
35712
35716
35718
35775
35801
35813
35860
35917
35932
35961
35962
35967
35968
35970
36000
36005
36022
36044
36045
36069
36087
36124
36167
36169
36206
36207
36223
36233
36245
36262
36263
36264
36273
36324
36332
36342
36417
36423
36424
36445
36478
36481
36528
36535
36634
36635
36648
36659
36664
36675
36700
36731
36737
36749
36770
36778
36873
36891
36904
36958
36984
37035
37037
37038
37040
37097
37151
37163
37169
37225
37228
37245
37248
37251
37261
37269
37276
37288
37294
37296
37374
37393
37407
37412
37415
37458
37485
37489
37496
37497
37498
37527
37545
37548
37627
37674
37678
37695
37701
37708
37725
37742
37749
37821
37856
37868
37870
37887
37896
37922
37926
37942
37947
37961
37968
37976
37995
38029
38039
38045
38105
38117
38149
38161
38169
38170
38172
38176
38213
38216
38239
38244
38269
38292
38306
38311
38341
38370
38392
38413
38429
38433
38439
38444
38486
38488
38504
38512
38529
38659
38675
38677
38682
38696
38703
38714
38721
38723
38779
38784
38786
38816
38889
38917
38939
38952
38953
38957
38964
38974
39001
39005
39046
39047
39074
39121
39129
39134
39151
39155
39156
39169
39188
39201
39202
39240
39282
39308
39311
39322
39327
39330
39341
39370
39391
39394
39395
39405
39406
39416
39432
39436
39445
39469
39525
39578
39592
39617
39640
39662
39698
39733
39768
39772
39791
39797
39818
39848
39850
39894
39895
39928
39939
39947
39951
39956
39960
39987
39988
40042
40065
40094
40129
40151
40154
40172
40212
40238
40245
40261
40278
40283
40293
40348
40350
40357
40377
40398
40409
40429
40430
40445
40467
40473
40516
40519
40521
40531
40533
40537
40547
40597
40626
40641
40646
40648
40718
40734
40766
40771
40772
40785
40801
40802
40810
40820
40846
40849
40859
40860
40864
40905
40906
40941
40942
40954
40959
40984
41000
41008
41022
41047
41050
41067
41105
41133
41147
41151
41152
41199
41205
41222
41317
41332
41340
41349
41356
41375
41386
41392
41413
41423
41432
41450
41462
41478
41495
41516
41534
41568
41585
41587
41610
41633
41645
41664
41736
41750
41766
41777
41789
41814
41849
41947
41968
41972
41996
42002
42030
42034
42044
42075
42086
42098
42144
42202
42235
42252
42253
42266
42296
42319
42347
42351
42358
42365
42375
42382
42397
42428
42446
42473
42488
42498
42499
42532
42562
42587
42602
42625
42627
42640
42697
42741
42751
42760
42763
42821
42832
42845
42859
42867
42884
42898
42969
42992
43004
43020
43033
43045
43057
43073
43088
43094
43123
43134
43137
43145
43151
43152
43156
43159
43172
43203
43227
43260
43308
43313
43342
43343
43396
43429
43449
43483
43495
43506
43515
43520
43557
43569
43590
43607
43622
43644
43649
43668
43669
43681
43704
43733
43748
43754
43771
43778
43780
43812
43814
43881
43905
43910
43933
43937
43978
44023
44029
44034
44043
44073
44114
44124
44139
44184
44205
44208
44225
44257
44258
44266
44267
44278
44279
44314
44331
44347
44359
44403
44422
44449
44455
44519
44527
44564
44580
44583
44594
44623
44704
44720
44747
44750
44835
44849
44860
44875
44893
44898
44912
44933
44985
44991
45027
45031
45032
45040
45042
45074
45094
45114
45136
45165
45177
45187
45198
45204
45235
45272
45336
45348
45349
45350
45393
45418
45440
45450
45458
45462
45482
45502
45506
45532
45538
45542
45570
45583
45592
45607
45639
45650
45735
45750
45755
45760
45797
45836
45867
45883
45905
45917
45950
45993
46065
46070
46103
46120
46122
46163
46190
46196
46212
46225
46252
46254
46263
46264
46271
46273
46289
46295
46305
46352
46353
46364
46367
46372
46383
46385
46393
46397
46404
46409
46418
46429
46438
46457
46475
46478
46485
46523
46560
46595
46608
46612
46626
46634
46681
46687
46695
46708
46720
46727
46756
46788
46842
46844
46854
46858
46863
46881
46891
46901
46918
46925
46941
46944
46974
46975
47069
47084
47098
47099
47111
47138
47144
47145
47152
47154
47156
47161
47163
47182
47253
47306
47308
47315
47347
47404
47421
47432
47457
47475
47480
47535
47537
47546
47578
47611
47650
47667
47716
47777
47814
47829
47864
47872
47875
47920
47944
47959
47969
47973
47974
47983
48034
48039
48047
48057
48067
48100
48112
48123
48144
48166
48170
48172
48178
48239
48269
48277
48284
48287
48288
48300
48303
48304
48314
48338
48349
48367
48384
48393
48468
48498
48506
48527
48574
48583
48584
48645
48656
48657
48689
48712
48719
48755
48798
48799
48804
48816
48820
48825
48828
48834
48934
48936
48940
48942
48950
48955
49000
49005
49017
49054
49068
49086
49091
49115
49127
49137
49159
49162
49195
49208
49226
49272
49274
49318
49337
49352
49372
49396
49407
49414
49423
49443
49455
49461
49473
49482
49489
49502
49521
49579
49614
49633
49646
49673
49710
49719
49721
49766
49774
49802
49815
49887
49902
49906
49920
49956
49985
50027
50098
50144
50193
50198
50205
50212
50247
50264
50293
50411
50438
50515
50540
50629
50684
50699
50705
50716
50735
50783
50786
50801
50849
50854
50862
50884
50914
50922
50927
50929
50954
50963
50979
50981
50989
51005
51006
51019
51044
51048
51074
51106
51115
51129
51154
51160
51192
51199
51259
51274
51302
51313
51318
51332
51341
51357
51372
51387
51388
51393
51406
51451
51459
51511
51525
51531
51552
51558
51601
51653
51689
51706
51718
51763
51771
51776
51779
51832
51841
51851
51868
51887
51909
51924
51944
52013
52031
52044
52057
52100
52129
52135
52175
52203
52260
52275
52295
52307
52325
52346
52351
52362
52363
52368
52370
52377
52389
52409
52417
52440
52456
52473
52477
52483
52492
52512
52521
52686
52725
52726
52755
52763
52766
52783
52827
52830
52836
52856
52865
52891
52916
52924
52973
52986
53020
53043
53048
53055
53090
53124
53128
53132
53137
53139
53145
53224
53225
53235
53251
53260
53277
53283
53292
53311
53327
53345
53351
53361
53373
53397
53405
53444
53496
53501
53536
53559
53578
53607
53625
53661
53695
53726
53736
53742
53816
53833
53837
53839
53859
53866
53876
53921
53966
53983
54068
54071
54087
54109
54121
54169
54189
54210
54225
54274
54282
54296
54313
54316
54327
54340
54387
54432
54466
54479
54499
54519
54520
54529
54531
54532
54565
54586
54607
54614
54618
54619
54660
54711
54713
54715
54774
54775
54801
54862
54892
54893
54922
54949
54974
55046
55056
55058
55070
55089
55147
55160
55216
55238
55274
55279
55293
55309
55373
55397
55407
55430
55434
55497
55501
55519
55555
55609
55611
55657
55680
55720
55732
55788
55823
55838
55882
55902
55912
55914
55920
55926
55928
55937
55943
55956
55963
55981
55999
56011
56025
56038
56084
56085
56095
56134
56160
56164
56180
56197
56200
56225
56245
56279
56289
56309
56328
56333
56390
56393
56466
56474
56481
56494
56506
56517
56601
56603
56613
56632
56660
56664
56665
56666
56673
56675
56683
56685
56692
56722
56732
56738
56751
56776
56787
56790
56803
56831
56894
56895
56914
56933
57014
57039
57130
57133
57136
57154
57172
57177
57199
57221
57237
57264
57286
57300
57305
57336
57361
57381
57413
57455
57518
57560
57582
57586
57599
57619
57627
57647
57650
57679
57705
57718
57729
57750
57780
57782
57846
57877
57886
57911
57943
57976
57988
58009
58034
58045
58046
58049
58085
58106
58113
58170
58229
58258
58287
58297
58302
58323
58332
58377
58424
58430
58436
58454
58459
58463
58484
58486
58491
58504
58537
58551
58577
58601
58603
58616
58658
58664
58699
58717
58723
58726
58752
58793
58815
58822
58829
58830
58869
58884
58886
58901
58912
58915
58916
58940
58945
58949
58962
58966
58972
59064
59073
59077
59094
59101
59125
59144
59255
59272
59293
59326
59327
59331
59340
59345
59420
59430
59464
59470
59473
59487
59502
59526
59533
59568
59583
59619
59629
59646
59663
59693
59704
59717
59732
59735
59736
59772
59778
59814
59821
59831
59854
59857
59888
59889
59894
59902
59907
59908
59953
59970
60001
60006
60026
60035
60037
60051
60057
60058
60076
60086
60097
60100
60105
60120
60209
60228
60232
60237
60265
60285
60287
60309
60310
60316
60371
60378
60429
60433
60471
60494
60505
60515
60554
60556
60605
60608
60631
60638
60685
60695
60701
60736
60739
60743
60754
60764
60779
60811
60812
60818
60828
60830
60839
60868
60888
60909
60910
60916
60946
60960
60981
61009
61066
61172
61178
61196
61197
61198
61215
61223
61229
61247
61249
61256
61262
61274
61279
61302
61303
61322
61379
61390
61413
61429
61448
61461
61466
61467
61480
61506
61561
61594
61608
61632
61659
61667
61668
61672
61674
61677
61685
61699
61737
61738
61766
61774
61808
61819
61838
61879
61928
61929
61943
61944
61950
61955
61984
62017
62037
62056
62058
62128
62150
62156
62169
62172
62194
62198
62204
62210
62222
62248
62268
62270
62284
62373
62374
62397
62406
62431
62453
62454
62457
62514
62515
62532
62564
62580
62587
62589
62595
62605
62615
62652
62660
62661
62676
62712
62715
62726
62763
62778
62794
62807
62824
62825
62828
62841
62849
62859
62889
62892
62903
62906
62933
62966
62972
62977
62990
63017
63029
63035
63070
63093
63096
63110
63155
63177
63214
63215
63244
63282
63299
63314
63338
63361
63404
63410
63445
63463
63510
63534
63543
63559
63561
63567
63568
63588
63595
63614
63616
63660
63664
63677
63684
63744
63750
63786
63788
63798
63825
63833
63850
63864
63881
63895
63906
63914
63918
63929
63933
64037
64112
64120
64125
64127
64134
64186
64206
64271
64287
64296
64318
64351
64361
64364
64387
64438
64443
64465
64475
64477
64515
64565
64568
64573
64597
64631
64647
64682
64691
64693
64701
64712
64716
64753
64758
64770
64789
64792
64796
64802
64811
64827
64898
64907
64934
64992
65001
65030
65041
65053
65056
65071
65094
65111
65122
65138
65155
65163
65178
65205
65221
65228
65254
65256
65262
65285
65320
65322
65327
65334
65355
65362
65368
65394
65445
65516
65547
65551
65585
65590
65631
65642
65650
65654
65689
65693
65695
65720
65743
65770
65780
65781
65806
65906
65929
65957
65969
65986
65996
66039
66107
66108
66186
66206
66214
66222
66235
66254
66271
66275
66282
66293
66301
66312
66342
66355
66383
66388
66430
66455
66457
66459
66462
66504
66518
66559
66567
66580
66600
66701
66705
66723
66732
66740
66755
66785
66797
66834
66863
66885
66929
66979
66982
66999
67089
67090
67141
67198
67201
67228
67264
67287
67296
67389
67454
67470
67479
67596
67597
67643
67646
67657
67662
67673
67684
67694
67703
67710
67713
67736
67742
67761
67816
67825
67832
67844
67878
67880
67888
67892
67897
67915
67967
67980
67997
68060
68133
68162
68167
68174
68199
68229
68235
68240
68253
68277
68283
68286
68318
68325
68362
68403
68416
68434
68439
68443
68444
68449
68463
68479
68504
68507
68512
68539
68601
68603
68612
68659
68664
68685
68744
68748
68761
68788
68805
68810
68835
68849
68880
68893
68954
68974
68975
68985
68991
69016
69075
69082
69115
69126
69135
69148
69164
69171
69177
69182
69191
69196
69204
69235
69236
69244
69258
69290
69296
69298
69317
69322
69396
69417
69423
69436
69437
69452
69470
69486
69489
69492
69503
69518
69524
69533
69544
69563
69576
69585
69644
69647
69650
69652
69653
69677
69696
69707
69724
69737
69738
69741
69756
69775
69778
69792
69816
69834
69838
69894
69907
69908
69939
69972
69987
69992
70022
70038
70042
70051
70068
70077
70111
70123
70131
70134
70155
70174
70175
70217
70230
70253
70263
70290
70314
70315
70320
70322
70368
70373
70391
70398
70400
70407
70417
70440
70464
70471
70550
70618
70648
70656
70676
70683
70698
70709
70742
70743
70773
70845
70855
70861
70911
70917
70919
70931
70944
70958
70968
70978
70997
71012
71014
71040
71065
71079
71099
71123
71159
71167
71199
71209
71220
71228
71257
71295
71314
71325
71327
71340
71387
71409
71410
71417
71427
71429
71470
71473
71500
71513
71518
71528
71531
71540
71558
71593
71598
71639
71700
71732
71744
71752
71760
71782
71814
71843
71867
71890
71891
71892
71922
71952
71979
72005
72051
72072
72074
72079
72081
72082
72094
72138
72139
72163
72166
72171
72178
72188
72215
72231
72258
72264
72286
72341
72523
72525
72538
72543
72553
72588
72591
72602
72611
72614
72637
72647
72681
72689
72704
72706
72725
72759
72794
72809
72817
72848
72851
72857
72879
72885
72915
72934
72937
72948
72963
72969
72990
73010
73030
73100
73110
73150
73156
73178
73197
73238
73242
73244
73252
73260
73269
73271
73328
73348
73358
73393
73400
73427
73457
73471
73518
73526
73536
73567
73584
73594
73601
73608
73653
73656
73678
73701
73730
73754
73829
73837
73903
73907
73909
73918
73930
73945
73977
74058
74080
74129
74131
74153
74157
74161
74163
74179
74214
74284
74347
74365
74393
74416
74464
74487
74490
74494
74506
74524
74549
74552
74567
74576
74590
74602
74613
74623
74624
74655
74667
74716
74762
74767
74831
74838
74849
74850
74861
74877
74903
74921
74925
74938
74954
74957
74984
75007
75022
75090
75111
75132
75136
75163
75171
75173
75232
75234
75291
75301
75350
75351
75409
75423
75452
75454
75466
75473
75504
75505
75525
75562
75592
75614
75617
75670
75671
75675
75691
75714
75716
75735
75778
75813
75814
75819
75833
75875
75908
75910
75960
75968
75970
75978
75992
75999
76003
76009
76064
76066
76131
76132
76145
76149
76167
76169
76171
76198
76205
76206
76214
76230
76255
76271
76276
76343
76361
76389
76393
76448
76508
76531
76582
76583
76588
76597
76643
76650
76659
76672
76682
76684
76687
76691
76701
76716
76719
76765
76798
76817
76823
76832
76839
76865
76872
76875
76911
76922
76930
76952
76959
76976
76977
77010
77012
77017
77044
77087
77128
77149
77154
77170
77180
77181
77205
77206
77222
77296
77302
77313
77324
77330
77388
77470
77499
77524
77529
77532
77562
77607
77619
77620
77623
77629
77636
77686
77704
77757
77826
77850
77853
77885
77896
77903
77929
77947
77960
77961
77997
78015
78059
78107
78116
78179
78226
78269
78284
78293
78315
78317
78319
78326
78327
78329
78346
78379
78391
78416
78417
78456
78471
78473
78475
78489
78497
78520
78551
78572
78592
78593
78603
78604
78634
78665
78694
78705
78711
78712
78718
78738
78781
78782
78784
78790
78810
78854
78881
78909
78910
78912
78928
78964
78968
78972
78981
78987
78992
79025
79067
79110
79140
79151
79166
79188
79202
79230
79275
79315
79318
79329
79333
79377
79390
79401
79424
79426
79435
79455
79457
79463
79464
79466
79478
79482
79483
79505
79506
79529
79548
79568
79569
79594
79601
79620
79655
79678
79681
79697
79773
79776
79790
79831
79865
79874
79876
79891
79911
79940
80006
80032
80074
80125
80126
80151
80156
80169
80193
80198
80208
80211
80237
80239
80280
80319
80327
80364
80376
80382
80439
80447
80468
80473
80484
80548
80554
80557
80572
80609
80631
80655
80683
80697
80730
80759
80770
80777
80817
80826
80833
80850
80851
80881
80891
80974
80997
81056
81060
81068
81085
81090
81101
81172
81181
81200
81206
81242
81268
81301
81325
81365
81493
81531
81580
81620
81636
81650
81672
81751
81763
81789
81797
81806
81831
81858
81871
81880
81902
81914
81937
81963
81977
81987
81992
82007
82019
82022
82025
82039
82046
82047
82076
82108
82110
82114
82138
82147
82167
82174
82196
82197
82224
82311
82378
82406
82441
82443
82458
82483
82502
82512
82575
82583
82631
82690
82697
82723
82756
82757
82765
82774
82786
82799
82802
82858
82900
82927
82928
82945
82964
82965
82982
82997
83002
83006
83007
83033
83043
83072
83084
83095
83098
83111
83130
83140
83153
83157
83164
83192
83236
83273
83290
83305
83318
83322
83325
83335
83339
83372
83382
83391
83392
83409
83431
83434
83460
83543
83567
83570
83579
83600
83605
83609
83621
83645
83662
83664
83686
83720
83735
83757
83763
83781
83831
83854
83864
83865
83869
83871
83903
83929
83948
83952
83980
83981
84040
84050
84106
84155
84167
84168
84210
84224
84262
84272
84285
84321
84377
84378
84387
84416
84426
84447
84449
84485
84524
84549
84566
84581
84594
84638
84642
84680
84693
84722
84738
84741
84757
84797
84799
84836
84853
84862
84983
85014
85051
85057
85060
85064
85124
85126
85139
85156
85159
85175
85205
85213
85241
85246
85294
85296
85300
85309
85332
85353
85364
85371
85381
85423
85424
85428
85459
85468
85486
85501
85512
85518
85557
85583
85603
85614
85648
85697
85706
85726
85736
85799
85802
85804
85836
85881
85886
85895
85896
85909
85919
85921
85955
85956
85961
86018
86053
86068
86092
86105
86136
86139
86203
86208
86209
86259
86268
86276
86299
86303
86374
86379
86401
86413
86414
86432
86444
86459
86471
86480
86495
86501
86544
86560
86568
86573
86585
86617
86638
86644
86646
86650
86652
86660
86671
86696
86702
86709
86722
86765
86769
86808
86832
86846
86867
86878
86885
86896
86935
87055
87063
87188
87193
87200
87202
87280
87311
87318
87329
87358
87360
87362
87369
87376
87383
87410
87423
87441
87449
87451
87467
87497
87525
87530
87553
87568
87582
87591
87603
87614
87632
87641
87648
87655
87663
87664
87704
87744
87796
87851
87861
87924
87930
87933
87975
88102
88107
88116
88128
88183
88186
88187
88190
88195
88220
88221
88245
88260
88293
88295
88298
88318
88330
88340
88372
88381
88388
88396
88406
88444
88504
88533
88535
88580
88595
88599
88628
88689
88713
88717
88724
88752
88792
88812
88822
88835
88896
88903
88912
88929
88942
88977
88982
88990
88998
89012
89020
89028
89037
89041
89080
89089
89106
89109
89112
89144
89155
89189
89201
89214
89217
89257
89282
89284
89290
89320
89335
89338
89375
89429
89434
89439
89441
89453
89456
89458
89479
89498
89509
89543
89546
89553
89562
89564
89568
89581
89584
89616
89644
89649
89653
89714
89731
89733
89758
89760
89762
89829
89839
89882
89904
89912
89935
89954
89960
89961
89999
90019
90021
90094
90112
90115
90136
90153
90157
90198
90202
90218
90236
90250
90283
90287
90298
90309
90371
90383
90420
90425
90453
90465
90493
90508
90509
90511
90540
90596
90643
90646
90671
90679
90683
90724
90735
90738
90772
90773
90774
90787
90800
90831
90836
90856
90867
90894
90905
90912
90913
90923
90953
90963
90967
90986
91018
91040
91074
91087
91147
91157
91164
91258
91277
91302
91326
91348
91392
91423
91437
91446
91534
91558
91567
91593
91688
91699
91726
91729
91734
91743
91746
91748
91763
91823
91836
91837
91842
91848
91851
91881
91952
91975
92031
92035
92039
92091
92102
92105
92134
92138
92157
92173
92181
92217
92231
92235
92260
92262
92274
92311
92314
92315
92326
92359
92369
92372
92385
92422
92426
92456
92504
92554
92561
92574
92608
92620
92640
92649
92657
92658
92677
92748
92757
92830
92831
92876
92950
92957
92966
92970
92974
92982
93005
93006
93009
93020
93060
93102
93127
93128
93129
93143
93160
93165
93183
93187
93200
93216
93217
93222
93264
93315
93343
93346
93368
93382
93387
93423
93429
93453
93456
93467
93503
93541
93543
93548
93598
93608
93637
93660
93665
93699
93718
93733
93762
93778
93858
93867
93869
93872
93883
93887
93900
93934
93938
93958
93961
93966
93992
94024
94026
94135
94144
94160
94185
94191
94202
94260
94268
94270
94320
94377
94391
94430
94439
94456
94499
94506
94508
94514
94558
94569
94604
94629
94645
94671
94674
94675
94681
94685
94706
94779
94780
94796
94825
94884
94899
94902
94928
94941
94959
94967
94987
94988
94997
95003
95023
95027
95053
95077
95136
95148
95165
95167
95200
95243
95259
95260
95272
95273
95294
95349
95378
95411
95429
95434
95461
95470
95473
95476
95484
95512
95631
95645
95676
95779
95798
95801
95846
95850
95856
95872
95881
95897
95926
95949
95991
96003
96104
96107
96132
96153
96184
96227
96254
96267
96277
96282
96292
96314
96324
96327
96332
96371
96399
96406
96407
96419
96446
96447
96455
96473
96514
96517
96523
96553
96556
96571
96573
96576
96583
96600
96619
96631
96669
96691
96720
96726
96758
96762
96773
96800
96838
96839
96843
96853
96854
96898
96904
96948
96979
96983
97001
97043
97080
97108
97121
97142
97154
97197
97203
97208
97218
97249
97265
97278
97298
97351
97371
97415
97416
97436
97455
97465
97471
97472
97473
97478
97494
97503
97526
97547
97560
97585
97603
97627
97636
97651
97670
97745
97760
97777
97815
97816
97824
97841
97860
97861
97862
97866
97879
97901
97907
97911
97951
97954
97956
97964
97986
98009
98042
98099
98113
98125
98149
98232
98260
98270
98292
98304
98307
98319
98344
98345
98346
98354
98385
98392
98405
98433
98449
98457
98460
98525
98538
98549
98560
98570
98603
98629
98631
98638
98657
98770
98794
98799
98840
98848
98906
98907
98919
98927
98931
98946
98960
99006
99011
99043
99063
99087
99168
99172
99182
99192
99199
99232
99255
99298
99348
99408
99417
99418
99432
99435
99442
99458
99493
99496
99512
99580
99600
99617
99636
99651
99665
99667
99688
99706
99751
99829
99928
99933
99936
99960
99976
99987
100008
100038
100059
100087
100114
100130
100131
100166
100181
100183
100188
100199
100219
100240
100255
100257
100278
100301
100338
100354
100374
100383
100392
100405
100406
100412
100436
100443
100486
100487
100495
100534
100542
100619
100626
100633
100679
100680
100714
100777
100806
100811
100817
100862
100863
100872
100895
100898
100920
100921
100925
100985
100990
100997
101010
101015
101021
101024
101047
101053
101132
101133
101138
101169
101187
101195
101201
101202
101204
101205
101206
101266
101270
101278
101281
101310
101315
101374
101427
101432
101456
101474
101475
101480
101496
101497
101501
101509
101524
101557
101579
101586
101594
101637
101672
101677
101699
101706
101714
101734
101737
101749
101751
101813
101814
101837
101863
101890
101907
101911
101915
101939
101944
101949
101974
102005
102044
102047
102057
102079
102121
102181
102251
102286
102309
102337
102357
102372
102382
102418
102453
102480
102485
102487
102494
102495
102532
102534
102551
102610
102649
102654
102656
102692
102724
102737
102746
102759
102795
102808
102810
102817
102829
102869
102878
102910
102911
102924
102941
102956
103048
103053
103062
103099
103247
103248
103251
103284
103308
103327
103332
103338
103387
103399
103454
103473
103500
103531
103574
103634
103637
103681
103687
103693
103697
103740
103755
103760
103765
103783
103801
103805
103879
103903
103946
103962
103983
103984
104005
104015
104024
104053
104071
104079
104104
104105
104136
104138
104158
104182
104183
104191
104281
104296
104298
104299
104342
104362
104376
104430
104455
104465
104491
104556
104567
104570
104592
104629
104640
104645
104653
104665
104686
104689
104707
104729
104731
104761
104781
104796
104797
104803
104806
104814
104834
104842
104853
104875
104891
104897
104936
104937
104984
105006
105008
105046
105143
105184
105209
105213
105233
105261
105287
105289
105311
105315
105325
105331
105332
105337
105369
105381
105402
105417
105419
105434
105435
105437
105441
105446
105485
105495
105500
105532
105544
105563
105605
105606
105625
105643
105662
105692
105780
105788
105803
105851
105867
105875
105889
105909
105914
105969
105981
106000
106031
106058
106061
106062
106069
106080
106100
106120
106131
106140
106165
106170
106177
106184
106204
106222
106229
106239
106253
106307
106313
106474
106475
106478
106479
106516
106525
106531
106532
106561
106584
106586
106623
106662
106669
106674
106687
106758
106818
106820
106852
106867
106897
106941
106942
107026
107044
107086
107099
107128
107146
107165
107185
107194
107199
107209
107217
107259
107343
107411
107445
107455
107464
107484
107500
107502
107520
107530
107561
107575
107616
107617
107628
107629
107657
107704
107716
107721
107724
107742
107794
107810
107812
107814
107844
107858
107862
107863
107865
107875
107914
107961
107987
108015
108020
108024
108035
108042
108081
108088
108103
108116
108125
108185
108250
108251
108262
108279
108283
108286
108309
108363
108367
108372
108379
108414
108443
108450
108451
108477
108506
108516
108531
108546
108547
108562
108598
108656
108714
108731
108743
108760
108813
108827
108843
108920
108922
108930
108935
108946
108953
108956
108986
108991
109001
109038
109053
109108
109165
109171
109189
109207
109208
109221
109226
109260
109307
109315
109353
109380
109384
109392
109396
109402
109468
109487
109491
109521
109532
109550
109583
109594
109604
109624
109657
109675
109687
109701
109730
109733
109736
109739
109747
109784
109789
109794
109820
109824
109836
109909
109916
109920
109971
109992
110039
110046
110064
110127
110154
110172
110226
110240
110308
110320
110330
110336
110349
110371
110416
110482
110529
110556
110573
110578
110585
110594
110604
110624
110666
110668
110679
110682
110691
110728
110742
110743
110781
110805
110811
110812
110845
110850
110853
110914
110943
110945
110946
110995
110996
111022
111032
111085
111093
111105
111145
111147
111148
111170
111175
111180
111186
111252
111255
111263
111276
111279
111319
111328
111344
111355
111357
111373
111374
111378
111406
111521
111564
111566
111589
111615
111619
111631
111635
111694
111726
111731
111739
111755
111761
111823
111857
111864
111889
111892
111911
111916
111917
111936
111939
111951
111959
111981
112009
112081
112092
112126
112141
112164
112178
112181
112198
112223
112230
112245
112264
112340
112360
112377
112384
112405
112423
112436
112458
112464
112487
112517
112532
112541
112556
112603
112680
112698
112709
112717
112721
112742
112791
112810
112811
112838
112848
112852
112856
112865
112871
112872
112911
112959
113001
113061
113101
113137
113154
113176
113183
113189
113234
113268
113296
113330
113347
113377
113389
113396
113402
113447
113464
113475
113497
113501
113520
113530
113564
113716
113722
113750
113791
113796
113820
113836
113840
113851
113859
113864
113880
113884
113941
113942
114018
114034
114050
114074
114085
114117
114120
114121
114127
114145
114158
114162
114212
114229
114249
114260
114261
114327
114329
114339
114359
114378
114386
114387
114398
114405
114433
114460
114465
114483
114512
114520
114565
114600
114614
114615
114635
114654
114655
114669
114675
114692
114694
114715
114776
114806
114813
114831
114852
114881
114895
114896
114903
114928
114929
114975
114976
114984
115006
115056
115066
115068
115072
115087
115105
115108
115125
115172
115184
115189
115234
115293
115337
115338
115364
115386
115391
115401
115405
115417
115434
115460
115489
115490
115497
115543
115545
115558
115574
115630
115653
115658
115662
115716
115719
115728
115734
115777
115813
115819
115868
115885
115893
115896
115960
115994
115996
116045
116050
116057
116111
116158
116200
116213
116256
116258
116265
116286
116294
116296
116339
116342
116343
116353
116361
116375
116386
116432
116434
116459
116498
116501
116515
116588
116602
116622
116635
116653
116662
116770
116809
116891
116892
116971
116992
117010
117019
117022
117036
117038
117053
117065
117070
117075
117079
117108
117118
117179
117181
117190
117241
117257
117266
117353
117370
117388
117434
117459
117460
117513
117527
117529
117560
117687
117714
117726
117728
117748
117780
117791
117805
117809
117815
117820
117840
117855
117899
117918
117923
117944
117981
118006
118078
118097
118101
118103
118160
118178
118210
118228
118273
118295
118354
118389
118394
118406
118438
118464
118470
118472
118489
118507
118535
118552
118560
118583
118590
118620
118623
118647
118653
118657
118698
118730
118734
118753
118757
118776
118777
118781
118865
118902
118914
118957
118963
118972
119046
119081
119084
119088
119101
119150
119165
119177
119191
119211
119214
119231
119237
119283
119307
119367
119403
119443
119448
119458
119501
119528
119544
119565
119579
119580
119625
119628
119654
119657
119676
119704
119747
119761
119783
119789
119804
119833
119900
119953
119956
119972
119992
120009
120015
120026
120031
120043
120052
120083
120085
120088
120090
120101
120108
120157
120161
120178
120199
120225
120258
120266
120340
120342
120379
120399
120425
120447
120490
120495
120497
120502
120584
120590
120597
120633
120642
120661
120681
120734
120740
120759
120797
120823
120824
120832
120843
120847
120868
120940
120941
120942
120969
120970
120980
120986
120993
120995
121018
121025
121060
121062
121067
121097
121117
121121
121128
121138
121159
121181
121197
121200
121206
121208
121222
121224
121227
121231
121276
121280
121300
121321
121333
121336
121373
121427
121465
121477
121507
121530
121546
121564
121572
121584
121585
121586
121591
121602
121618
121659
121668
121670
121674
121732
121769
121788
121799
121800
121822
121936
121941
121950
121975
121984
122001
122040
122056
122069
122085
122090
122098
122115
122148
122149
122156
122209
122231
122243
122245
122248
122249
122251
122265
122294
122297
122322
122325
122388
122396
122400
122419
122437
122440
122480
122490
122495
122500
122517
122529
122558
122561
122601
122624
122649
122650
122657
122665
122698
122730
122790
122794
122801
122816
122819
122843
122859
122894
122906
122947
122966
122987
123006
123062
123111
123128
123129
123156
123163
123171
123181
123193
123224
123246
123267
123270
123279
123311
123314
123354
123371
123373
123400
123412
123501
123517
123546
123547
123567
123574
123577
123612
123621
123625
123643
123662
123669
123684
123687
123705
123751
123767
123775
123880
123909
123930
123933
123970
123999
124028
124069
124153
124163
124164
124174
124217
124244
124250
124273
124282
124318
124352
124360
124369
124398
124424
124439
124473
124492
124508
124525
124533
124536
124542
124565
124571
124583
124612
124616
124644
124657
124666
124668
124671
124677
124717
124738
124744
124750
124774
124786
124827
124850
124942
124969
125005
125007
125009
125014
125027
125042
125044
125076
125088
125095
125118
125138
125170
125184
125208
125234
125245
125248
125265
125277
125356
125366
125413
125445
125446
125449
125457
125491
125494
125524
125529
125585
125588
125596
125613
125614
125619
125624
125630
125644
125654
125683
125698
125707
125712
125720
125721
125731
125755
125764
125819
125844
125867
125928
125965
125968
125971
125986
126005
126025
126026
126029
126086
126095
126099
126136
126137
126141
126160
126179
126195
126207
126215
126232
126257
126322
126348
126371
126416
126436
126440
126468
126492
126533
126550
126569
126582
126593
126607
126610
126635
126709
126720
126722
126733
126749
126779
126806
126837
126855
126913
126954
126988
127022
127050
127056
127068
127072
127114
127128
127159
127198
127203
127229
127261
127289
127299
127300
127333
127340
127342
127362
127370
127419
127421
127441
127453
127459
127503
127508
127509
127558
127586
127596
127605
127614
127621
127630
127638
127654
127661
127665
127668
127685
127688
127707
127742
127744
127773
127786
127809
127844
127847
127857
127860
127871
127901
127918
127962
128053
128060
128102
128126
128140
128151
128171
128183
128226
128253
128298
128306
128320
128321
128339
128347
128378
128381
128397
128400
128419
128426
128427
128429
128430
128441
128443
128453
128477
128488
128491
128513
128520
128545
128547
128565
128584
128595
128609
128638
128645
128649
128702
128717
128763
128811
128825
128837
128858
128863
128889
128897
128903
128928
128942
128961
129015
129016
129019
129026
129073
129096
129118
129172
129193
129198
129210
129215
129242
129302
129360
129394
129475
129544
129548
129551
129558
129567
129572
129587
129662
129700
129719
129722
129729
129735
129780
129818
129824
129870
129922
129945
130014
130015
130026
130049
130072
130074
130079
130090
130112
130117
130126
130130
130133
130161
130175
130176
130186
130209
130241
130243
130251
130259
130262
130273
130291
130337
130380
130390
130474
130506
130522
130527
130555
130635
130644
130686
130704
130771
130784
130823
130833
130841
130861
130880
130899
130901
130928
130942
130952
130954
130998
131022
131065
131074
131083
131105
131108
131125
131169
131176
131185
131277
131344
131370
131373
131393
131399
131405
131413
131433
131472
131504
131506
131542
131584
131614
131642
131671
131672
131697
131723
131755
131758
131759
131772
131778
131792
131830
131855
131857
131917
132000
132024
132046
132060
132061
132062
132073
132074
132081
132140
132144
132151
132168
132176
132212
132215
132226
132244
132245
132254
132274
132329
132333
132363
132366
132381
132390
132408
132416
132426
132434
132457
132494
132512
132514
132548
132588
132638
132647
132651
132686
132734
132753
132763
132765
132793
132820
132827
132843
132869
132889
132913
133004
133069
133070
133093
133113
133118
133131
133133
133134
133137
133145
133179
133259
133270
133281
133294
133298
133334
133342
133364
133402
133432
133456
133474
133494
133562
133572
133621
133663
133691
133739
133741
133742
133746
133753
133762
133810
133822
133878
133939
133942
133961
134072
134111
134159
134194
134197
134220
134253
134275
134322
134366
134368
134397
134402
134415
134418
134483
134499
134502
134510
134537
134557
134559
134582
134607
134619
134624
134656
134657
134680
134682
134710
134760
134806
134844
134879
134889
134929
134967
134979
134986
135019
135026
135030
135034
135052
135057
135085
135103
135109
135112
135116
135123
135209
135221
135288
135324
135349
135394
135404
135411
135456
135466
135486
135502
135524
135528
135563
135569
135576
135580
135582
135585
135612
135651
135655
135690
135711
135725
135746
135750
135759
135782
135784
135834
135852
135916
135924
135926
135943
135956
136022
136030
136059
136072
136130
136149
136176
136185
136208
136232
136240
136251
136279
136288
136290
136298
136320
136352
136367
136384
136389
136408
136413
136418
136419
136459
136471
136475
136478
136480
136486
136497
136501
136505
136530
136542
136553
136571
136575
136594
136598
136599
136604
136623
136663
136674
136678
136737
136785
136862
136878
136895
136896
136929
136932
136933
136935
136973
136977
136978
136988
137045
137048
137115
137150
137172
137186
137209
137221
137276
137314
137324
137336
137356
137363
137425
137440
137446
137457
137460
137461
137469
137470
137491
137493
137517
137548
137567
137572
137593
137597
137603
137606
137610
137624
137631
137682
137687
137712
137713
137730
137736
137750
137762
137775
137800
137823
137830
137833
137837
137841
137858
137863
137865
137882
137899
137900
137901
137911
137912
137920
137922
137930
137947
137982
137987
137993
138001
138004
138059
138103
138104
138117
138126
138127
138128
138151
138177
138178
138189
138198
138232
138261
138307
138316
138338
138364
138450
138477
138498
138516
138520
138555
138570
138584
138600
138612
138649
138702
138709
138742
138755
138778
138780
138810
138884
138894
138912
138922
138925
138927
138929
138944
138945
138947
138974
138979
138993
138996
139029
139111
139114
139120
139152
139162
139206
139219
139227
139229
139243
139248
139259
139290
139291
139299
139316
139340
139361
139370
139378
139394
139417
139428
139435
139449
139506
139521
139523
139542
139547
139567
139593
139616
139619
139650
139665
139687
139697
139701
139708
139710
139765
139790
139815
139817
139833
139844
139846
139855
139954
139967
139977
139988
140004
140016
140031
140061
140071
140113
140118
140119
140123
140138
140205
140221
140245
140271
140292
140300
140317
140320
140324
140344
140345
140347
140390
140395
140409
140411
140419
140432
140469
140479
140490
140554
140564
140578
140580
140654
140656
140667
140670
140677
140702
140715
140726
140737
140763
140790
140822
140830
140858
140866
140901
140949
140971
140982
140990
141015
141019
141045
141063
141068
141081
141103
141126
141145
141176
141190
141196
141202
141221
141283
141285
141302
141312
141326
141334
141363
141369
141372
141373
141421
141466
141467
141477
141532
141563
141564
141584
141588
141596
141617
141642
141653
141660
141664
141685
141734
141739
141756
141760
141811
141812
141817
141876
141902
141903
141909
141926
141941
141951
141956
141992
141998
142061
142070
142130
142152
142156
142179
142190
142232
142245
142252
142276
142322
142334
142349
142351
142403
142453
142485
142499
142516
142527
142534
142535
142550
142560
142562
142563
142565
142588
142622
142726
142752
142762
142806
142828
142832
142841
142847
142848
142858
142883
142897
142908
142922
142932
142964
142966
142976
142978
142981
143027
143035
143110
143120
143126
143150
143153
143154
143173
143180
143202
143217
143218
143227
143250
143257
143267
143309
143314
143335
143349
143358
143390
143395
143434
143438
143440
143457
143532
143564
143567
143627
143656
143660
143716
143727
143781
143786
143795
143800
143808
143816
143830
143841
143853
143873
143900
143918
143921
143937
143941
143961
143992
143995
144008
144012
144047
144070
144098
144099
144104
144120
144163
144177
144183
144192
144196
144199
144252
144279
144285
144289
144331
144400
144414
144499
144534
144554
144573
144574
144588
144602
144612
144621
144629
144642
144654
144657
144673
144689
144728
144751
144762
144793
144811
144818
144820
144843
144860
144881
144890
144955
144961
144973
144989
145004
145017
145020
145037
145053
145055
145056
145069
145110
145124
145145
145151
145169
145268
145307
145326
145343
145351
145377
145382
145395
145402
145417
145422
145434
145439
145459
145469
145493
145496
145506
145507
145511
145537
145548
145549
145557
145587
145601
145604
145616
145719
145757
145759
145766
145784
145813
145815
145819
145842
145885
145898
145899
145917
145940
145950
145991
146005
146013
146023
146036
146040
146051
146053
146080
146127
146133
146139
146173
146192
146205
146214
146232
146253
146321
146325
146338
146367
146385
146392
146412
146445
146463
146468
146508
146531
146560
146573
146599
146607
146611
146613
146646
146673
146713
146722
146724
146745
146748
146752
146779
146807
146825
146855
146878
146894
146907
146917
146957
146959
146971
146972
147032
147094
147118
147122
147155
147162
147177
147194
147205
147235
147248
147251
147261
147262
147270
147282
147346
147375
147439
147441
147463
147477
147490
147538
147541
147569
147580
147581
147605
147625
147637
147645
147649
147658
147664
147670
147693
147730
147750
147774
147827
147852
147867
147895
147910
147920
147921
147923
147940
147947
147952
147958
147967
147994
148010
148041
148056
148065
148081
148116
148139
148155
148306
148307
148310
148311
148323
148335
148345
148376
148405
148438
148447
148512
148520
148521
148531
148545
148556
148561
148564
148570
148581
148582
148613
148628
148632
148688
148690
148692
148694
148705
148726
148747
148814
148837
148843
148887
148991
149003
149045
149046
149075
149092
149105
149108
149126
149142
149156
149166
149169
149200
149279
149280
149310
149322
149406
149418
149437
149452
149511
149526
149530
149556
149564
149581
149585
149638
149696
149732
149756
149779
149798
149810
149858
149864
149882
149902
149922
150015
150037
150044
150052
150059
150063
150065
150076
150080
150082
150154
150157
150162
150166
150178
150222
150232
150261
150321
150332
150334
150335
150352
150356
150365
150370
150379
150380
150403
150405
150461
150467
150475
150482
150490
150502
150503
150526
150546
150547
150549
150602
150676
150708
150729
150736
150737
150748
150809
150824
150825
150830
150987
151030
151034
151053
151055
151071
151153
151223
151239
151303
151304
151337
151353
151360
151371
151384
151399
151400
151407
151426
151437
151496
151498
151506
151536
151538
151546
151564
151569
151601
151622
151624
151639
151651
151657
151690
151695
151715
151747
151754
151805
151822
151833
151855
151860
151861
151880
151923
151958
151967
151976
151986
152000
152060
152089
152096
152100
152113
152125
152130
152152
152211
152223
152227
152230
152234
152269
152290
152330
152372
152376
152380
152403
152404
152450
152476
152499
152538
152546
152549
152568
152590
152654
152697
152706
152723
152734
152739
152766
152770
152820
152835
152840
152856
152863
152875
152895
152948
152963
152972
152994
153002
153015
153023
153051
153055
153060
153080
153095
153106
153137
153142
153146
153148
153168
153174
153175
153178
153245
153293
153299
153336
153349
153368
153375
153377
153409
153415
153441
153490
153526
153533
153549
153560
153561
153584
153589
153651
153672
153699
153711
153747
153751
153777
153797
153803
153817
153838
153851
153866
153874
153889
153903
153947
153955
153975
153994
153995
154027
154051
154057
154060
154092
154095
154096
154112
154117
154160
154164
154169
154175
154183
154188
154193
154221
154243
154253
154340
154363
154389
154431
154438
154464
154493
154570
154619
154652
154664
154675
154681
154683
154737
154740
154741
154742
154747
154796
154813
154863
154879
154910
154921
154952
154967
154988
155032
155070
155080
155099
155102
155166
155188
155195
155258
155265
155280
155293
155372
155409
155442
155443
155460
155478
155490
155502
155525
155613
155625
155636
155670
155680
155707
155748
155753
155763
155775
155777
155801
155827
155864
155866
155882
155891
155894
155920
155969
155974
155995
156003
156004
156054
156062
156067
156101
156123
156182
156183
156197
156208
156228
156229
156247
156283
156301
156309
156329
156344
156392
156451
156454
156485
156503
156515
156591
156592
156596
156625
156635
156642
156675
156681
156688
156700
156711
156716
156740
156781
156800
156816
156831
156849
156889
156898
156907
156911
156951
156974
156990
157018
157041
157058
157094
157107
157109
157117
157189
157198
157205
157211
157218
157268
157282
157302
157313
157326
157329
157344
157380
157447
157469
157501
157505
157509
157521
157525
157551
157552
157558
157568
157582
157595
157601
157709
157713
157742
157744
157770
157774
157791
157820
157829
157834
157842
157863
157875
157921
157949
157962
157967
157981
157990
158001
158050
158089
158099
158107
158125
158149
158175
158176
158180
158188
158191
158228
158241
158244
158273
158328
158343
158362
158378
158385
158402
158422
158439
158461
158512
158513
158531
158534
158543
158565
158620
158622
158648
158651
158654
158667
158683
158688
158692
158725
158730
158785
158793
158840
158844
158869
158873
158892
158906
158920
158966
158976
158979
159015
159083
159100
159112
159142
159154
159189
159202
159208
159222
159229
159237
159243
159255
159289
159291
159317
159353
159358
159364
159371
159395
159440
159480
159484
159497
159498
159524
159540
159554
159562
159593
159618
159620
159646
159650
159667
159668
159692
159740
159776
159820
159823
159836
159845
159856
159898
159905
159928
159940
159962
159968
159970
159982
159984
159986
159991
159997
160029
160033
160064
160071
160073
160088
160108
160124
160126
160147
160225
160287
160302
160330
160347
160353
160388
160394
160410
160431
160460
160470
160529
160533
160556
160559
160582
160594
160628
160639
160648
160667
160676
160680
160700
160750
160756
160836
160865
160892
160943
160944
160973
160989
161040
161050
161059
161062
161067
161072
161075
161108
161109
161136
161157
161171
161178
161202
161215
161226
161231
161246
161273
161302
161319
161341
161365
161381
161387
161424
161433
161472
161483
161502
161515
161540
161544
161568
161586
161602
161689
161720
161726
161745
161756
161765
161787
161807
161809
161822
161845
161870
161877
161895
161929
162040
162068
162081
162092
162103
162104
162120
162181
162224
162235
162295
162298
162330
162353
162359
162412
162444
162456
162462
162532
162560
162612
162617
162646
162665
162671
162673
162690
162708
162740
162760
162766
162799
162831
162838
162844
162861
162866
162880
162888
162894
162897
162900
162908
162959
162963
163011
163053
163086
163102
163127
163152
163186
163210
163212
163235
163250
163258
163261
163274
163282
163298
163305
163337
163338
163360
163372
163441
163466
163468
163480
163497
163527
163541
163555
163561
163592
163617
163639
163676
163680
163696
163701
163735
163743
163746
163782
163801
163829
163841
163845
163846
163882
163901
163906
163920
163940
164012
164045
164052
164063
164073
164074
164098
164104
164114
164131
164141
164153
164158
164184
164189
164205
164226
164262
164284
164291
164295
164300
164311
164341
164345
164350
164375
164390
164391
164401
164450
164455
164464
164465
164472
164475
164478
164490
164497
164515
164531
164532
164545
164546
164566
164583
164584
164597
164665
164692
164739
164748
164766
164771
164823
164865
164888
164889
164896
164958
165001
165031
165034
165049
165067
165075
165093
165126
165155
165161
165179
165192
165197
165200
165219
165222
165252
165254
165288
165296
165347
165352
165364
165434
165468
165503
165507
165509
165530
165535
165540
165561
165587
165589
165612
165644
165647
165650
165680
165705
165713
165719
165753
165759
165771
165781
165783
165817
165821
165835
165872
165918
165972
166050
166052
166060
166075
166084
166105
166115
166118
166123
166133
166141
166152
166187
166188
166205
166266
166305
166333
166338
166339
166348
166362
166374
166390
166392
166406
166461
166493
166528
166539
166546
166549
166575
166580
166591
166605
166677
166679
166682
166694
166695
166725
166740
166786
166801
166807
166808
166822
166824
166862
166870
166890
166899
166959
166960
167014
167018
167031
167033
167098
167103
167110
167132
167151
167157
167179
167190
167192
167197
167202
167245
167254
167288
167299
167304
167309
167327
167340
167380
167395
167403
167413
167435
167468
167479
167527
167543
167580
167589
167603
167623
167642
167673
167693
167704
167705
167724
167725
167753
167758
167773
167775
167782
167834
167839
167849
167850
167853
167858
167880
167917
167926
167933
167936
167977
167981
168002
168019
168072
168079
168091
168094
168095
168120
168155
168190
168192
168241
168307
168319
168344
168347
168376
168405
168433
168499
168502
168584
168611
168631
168634
168637
168659
168671
168687
168700
168713
168718
168742
168750
168773
168807
168814
168831
168853
168883
168885
168959
168960
168995
169008
169011
169054
169065
169067
169069
169085
169098
169126
169134
169146
169147
169163
169167
169172
169212
169225
169238
169242
169275
169313
169355
169362
169378
169420
169445
169452
169504
169524
169554
169556
169576
169587
169628
169638
169646
169670
169679
169710
169713
169748
169752
169762
169763
169772
169779
169780
169783
169833
169852
169874
169943
169977
169986
170036
170075
170091
170105
170107
170120
170135
170136
170141
170152
170171
170174
170217
170247
170308
170311
170326
170334
170345
170360
170385
170396
170405
170421
170439
170445
170455
170463
170469
170560
170585
170603
170604
170612
170626
170629
170630
170656
170662
170714
170742
170753
170759
170768
170805
170829
170861
170905
170910
170913
170926
170958
170975
170976
170979
170986
171029
171049
171074
171088
171154
171192
171210
171219
171285
171297
171331
171339
171358
171397
171446
171461
171466
171471
171500
171505
171544
171622
171647
171663
171695
171699
171703
171714
171758
171767
171796
171800
171838
171844
171871
171919
171952
171954
171955
171984
172002
172005
172019
172024
172046
172057
172074
172080
172089
172112
172130
172180
172203
172254
172261
172275
172289
172326
172343
172354
172381
172401
172407
172414
172439
172473
172483
172492
172597
172601
172620
172630
172654
172684
172706
172774
172777
172778
172821
172824
172837
172846
172910
172915
172922
172934
172939
172981
173030
173043
173117
173119
173137
173187
173192
173211
173218
173241
173243
173262
173328
173335
173349
173350
173375
173376
173444
173479
173509
173515
173530
173544
173551
173572
173641
173667
173698
173714
173716
173748
173766
173780
173849
173918
173954
173969
173983
173995
174017
174018
174044
174045
174065
174080
174101
174109
174118
174126
174137
174193
174194
174232
174237
174246
174261
174278
174288
174294
174305
174308
174335
174365
174386
174408
174412
174417
174426
174430
174433
174438
174441
174465
174478
174529
174534
174544
174569
174580
174593
174629
174642
174653
174671
174684
174711
174748
174757
174767
174791
174845
174846
174863
174868
174912
174938
174939
174945
174949
174957
174963
175001
175016
175019
175020
175036
175039
175046
175056
175061
175073
175102
175114
175115
175143
175197
175218
175226
175229
175251
175287
175312
175330
175366
175386
175398
175482
175487
175494
175497
175515
175538
175545
175563
175567
175576
175595
175598
175613
175647
175657
175662
175674
175719
175774
175817
175830
175856
175872
175911
175915
175953
175955
175965
175971
175993
176058
176066
176074
176135
176162
176171
176196
176278
176289
176302
176316
176318
176323
176327
176364
176375
176377
176381
176411
176423
176430
176443
176460
176465
176496
176501
176509
176510
176533
176555
176573
176600
176618
176652
176665
176678
176741
176748
176759
176811
176825
176851
176887
176905
176932
176943
176992
177034
177076
177095
177109
177134
177174
177177
177182
177204
177205
177207
177224
177268
177313
177319
177362
177398
177432
177457
177475
177568
177578
177591
177633
177639
177659
177678
177686
177721
177722
177753
177838
177854
177903
177905
177929
177934
177947
177955
177957
177961
177974
177995
178005
178029
178036
178058
178087
178088
178104
178125
178183
178188
178237
178243
178300
178325
178362
178374
178394
178395
178396
178458
178462
178481
178492
178533
178548
178590
178594
178614
178670
178679
178687
178716
178717
178738
178742
178763
178795
178876
178925
178953
178954
178957
178961
178972
178975
178989
178992
178993
178998
179017
179023
179040
179047
179053
179057
179065
179089
179095
179100
179123
179155
179163
179174
179175
179195
179241
179266
179288
179323
179347
179388
179412
179443
179445
179470
179556
179564
179568
179593
179597
179599
179647
179678
179681
179682
179701
179702
179717
179718
179762
179767
179770
179783
179800
179804
179810
179846
179870
179871
179875
179898
179923
179930
179933
179941
179955
180025
180070
180106
180125
180129
180142
180147
180166
180183
180196
180228
180236
180256
180288
180321
180336
180339
180342
180385
180429
180449
180471
180505
180525
180592
180597
180616
180643
180644
180660
180669
180671
180672
180715
180751
180766
180795
180815
180825
180839
180855
180863
180869
180882
180889
180890
180903
180907
180911
180943
180957
180969
180984
181002
181016
181043
181069
181077
181096
181104
181116
181174
181198
181214
181215
181232
181264
181284
181286
181298
181318
181330
181344
181374
181378
181389
181502
181526
181527
181535
181582
181587
181640
181656
181661
181709
181710
181715
181718
181739
181748
181762
181765
181778
181810
181813
181814
181818
181834
181852
181880
181891
181909
181935
181988
182002
182063
182070
182084
182105
182132
182158
182177
182204
182236
182298
182325
182336
182359
182363
182373
182475
182483
182497
182519
182559
182562
182574
182584
182592
182596
182597
182618
182642
182655
182657
182662
182663
182684
182702
182705
182727
182728
182760
182778
182784
182786
182793
182797
182801
182832
182845
182859
182896
182912
182949
182950
182955
182977
182986
182996
183002
183013
183020
183038
183070
183097
183116
183119
183129
183142
183156
183164
183166
183218
183246
183280
183307
183314
183336
183356
183363
183368
183395
183412
183413
183436
183446
183452
183460
183489
183512
183550
183562
183602
183613
183626
183637
183660
183668
183698
183702
183720
183730
183731
183761
183770
183788
183796
183820
183864
183956
183978
183989
184021
184027
184045
184051
184065
184103
184135
184138
184150
184154
184156
184159
184167
184178
184191
184199
184201
184220
184226
184245
184251
184289
184292
184341
184362
184364
184405
184410
184421
184447
184469
184478
184510
184511
184534
184561
184592
184647
184667
184686
184689
184717
184726
184749
184750
184758
184762
184825
184888
184900
184922
184926
184951
184963
184975
184976
184978
185009
185021
185046
185047
185052
185069
185108
185160
185171
185180
185191
185195
185223
185226
185237
185271
185289
185302
185305
185306
185360
185361
185387
185391
185408
185410
185434
185448
185453
185464
185472
185486
185546
185558
185559
185591
185643
185657
185672
185693
185721
185747
185749
185760
185773
185793
185797
185819
185842
185843
185846
185854
185861
185935
185945
185964
185981
185984
186013
186080
186096
186109
186114
186116
186143
186170
186177
186188
186191
186196
186198
186206
186222
186254
186276
186291
186311
186324
186326
186347
186465
186498
186524
186540
186548
186550
186579
186588
186605
186625
186646
186656
186660
186675
186706
186712
186730
186737
186741
186771
186795
186796
186808
186819
186842
186893
186932
186933
186935
186945
186957
186961
186971
187013
187035
187071
187092
187115
187116
187142
187155
187162
187167
187172
187189
187225
187240
187246
187276
187280
187328
187353
187372
187382
187464
187479
187486
187489
187497
187508
187521
187542
187550
187559
187564
187603
187650
187656
187657
187658
187663
187698
187721
187773
187781
187795
187796
187813
187849
187885
187892
187902
187909
187921
187945
187951
187986
188029
188043
188055
188070
188078
188100
188105
188151
188178
188180
188185
188191
188201
188213
188217
188231
188236
188255
188269
188293
188321
188323
188341
188351
188372
188378
188380
188399
188457
188474
188484
188488
188500
188548
188551
188584
188590
188615
188682
188684
188696
188703
188727
188742
188743
188776
188795
188804
188856
188872
188874
188928
188943
188962
188965
188967
188968
188972
188980
188988
189019
189024
189062
189086
189089
189112
189121
189134
189149
189150
189161
189186
189189
189322
189344
189369
189393
189399
189400
189409
189462
189470
189491
189513
189523
189525
189536
189545
189555
189617
189620
189621
189629
189631
189643
189660
189665
189691
189723
189749
189754
189779
189795
189818
189819
189820
189829
189846
189871
189886
189945
190072
190091
190098
190131
190142
190145
190179
190184
190199
190206
190216
190266
190277
190280
190296
190313
190328
190338
190357
190386
190388
190402
190421
190448
190484
190512
190513
190516
190527
190572
190579
190588
190590
190601
190615
190622
190640
190644
190652
190678
190681
190698
190711
190754
190796
190854
190858
190879
190938
191005
191106
191114
191119
191124
191141
191181
191193
191209
191211
191220
191227
191234
191240
191247
191252
191263
191297
191308
191325
191343
191363
191381
191382
191444
191447
191493
191504
191516
191521
191584
191604
191653
191673
191692
191742
191803
191807
191841
191869
191901
191911
191940
191964
191967
191971
191990
192007
192026
192037
192056
192058
192062
192074
192092
192108
192109
192135
192152
192180
192202
192215
192273
192283
192334
192379
192397
192398
192402
192404
192421
192453
192480
192485
192488
192490
192500
192521
192542
192549
192551
192553
192587
192600
192620
192627
192628
192668
192679
192703
192715
192722
192734
192751
192764
192790
192816
192819
192838
192849
192872
192885
192893
192909
192911
192917
192953
192968
192971
192976
193021
193023
193047
193049
193061
193077
193094
193109
193125
193139
193170
193186
193215
193216
193254
193261
193264
193267
193312
193317
193319
193338
193339
193354
193357
193376
193393
193403
193405
193445
193460
193480
193496
193579
193586
193651
193660
193670
193697
193704
193711
193779
193787
193795
193797
193805
193837
193860
193924
193927
193929
193931
193932
193986
193992
194046
194047
194193
194205
194208
194218
194221
194239
194275
194278
194281
194294
194306
194309
194365
194411
194412
194435
194436
194448
194451
194494
194517
194520
194526
194531
194553
194585
194596
194597
194611
194638
194650
194682
194701
194748
194764
194772
194773
194807
194845
194855
194868
194905
194912
194942
194946
194989
195024
195046
195093
195122
195133
195160
195170
195180
195188
195200
195213
195220
195222
195231
195243
195274
195283
195325
195345
195370
195386
195400
195402
195424
195429
195431
195442
195479
195519
195521
195532
195566
195578
195583
195590
195594
195602
195614
195622
195633
195703
195740
195758
195787
195790
195806
195846
195860
195874
195877
195890
195923
195960
195965
195972
195981
195988
196001
196021
196028
196032
196046
196072
196090
196102
196103
196104
196124
196165
196172
196217
196221
196225
196226
196229
196248
196290
196291
196298
196311
196340
196345
196361
196363
196380
196424
196429
196443
196453
196454
196477
196501
196509
196526
196545
196546
196555
196580
196621
196626
196629
196632
196655
196691
196712
196790
196805
196822
196852
196900
196913
196924
196942
196956
196987
196993
197032
197035
197038
197052
197068
197073
197074
197094
197140
197173
197188
197263
197368
197385
197413
197420
197424
197426
197429
197470
197471
197485
197514
197515
197518
197565
197588
197589
197632
197659
197667
197675
197681
197709
197721
197769
197810
197825
197854
197857
197886
197905
197925
197932
197947
197979
198011
198100
198128
198130
198151
198152
198158
198173
198208
198221
198227
198245
198260
198277
198285
198316
198351
198391
198393
198401
198414
198429
198432
198433
198464
198469
198491
198498
198518
198519
198538
198541
198591
198618
198663
198695
198741
198743
198750
198769
198777
198785
198793
198805
198841
198850
198851
198863
198867
198878
198887
198909
198910
198927
198964
198978
199072
199104
199131
199133
199174
199197
199233
199240
199257
199270
199284
199286
199287
199319
199347
199357
199399
199404
199410
199414
199427
199430
199450
199453
199518
199572
199593
199594
199616
199624
199651
199658
199735
199776
199782
199789
199796
199809
199842
199850
199858
199909
199932
199934
199947
199965
