5156
14389
11265
14795
14096
16127
19294
12506
15471
8319
14139
17070
8180
5456
10379
13999
15092
12867
5646
9525
9699
10715
6245
7717
8175
7539
10738
6399
10986
5745
18124
12507
17482
16847
12645
8472
8719
11790
17729
14199
15334
12100
11906
9265
15983
15126
19184
7818
14363
15331
12239
5140
16331
7109
10929
17200
8315
19467
15654
14670
14176
18296
15449
11576
19151
8328
13077
10137
18441
9290
18358
17148
12503
18932
5531
18730
13365
16913
7204
6328
17325
18405
12296
10657
5330
9711
17092
18761
7421
18924
11560
8614
19625
19990
5920
19376
5574
16070
12318
13811
6157
18942
8252
12142
16270
10248
12253
16123
10568
13494
14256
10469
18765
5511
15255
19463
11547
9811
8206
8586
18636
16896
17921
7694
14597
6827
14049
10080
5978
13732
19588
13080
13917
11467
10850
10274
8306
12289
5256
8118
15443
10737
6382
15568
8867
16261
16367
16031
7833
12373
6887
16312
19543
5927
15890
19188
15478
12331
5660
8035
13299
12053
6310
8933
16323
8859
10446
11882
14365
9074
9000
14323
8377
15940
19148
14518
10510
7420
13979
14748
12428
9792
5195
18733
18139
17209
14339
5182
10664
6824
5446
8873
17397
10866
7276
18599
7462
10934
12227
16955
6338
9016
5078
16929
18741
11063
13177
6111
14442
11857
6239
13122
16350
5672
8539
12162
11580
7489
15633
10596
7049
18832
7248
8096
11290
9424
17384
11666
18395
19231
18625
18178
14322
13241
17739
12650
14559
15285
19429
17607
19785
13254
7907
13975
7578
15895
7491
17764
14967
7240
16594
5490
8122
16765
12112
9132
10855
7993
11569
13373
19029
13222
5874
19792
19239
9718
7002
18876
18129
8796
8182
8895
5400
8198
6733
9757
11215
13353
12008
18488
7048
11941
11868
5320
12376
7816
10745
9152
5837
17300
7673
10007
11477
7551
18300
10884
5193
15883
8148
17856
14060
8342
17831
8473
10295
6672
9058
13262
16547
19427
12858
9554
12684
14884
18801
8453
11638
5123
17612
18198
7933
10162
10504
17334
6767
9308
16534
14120
6784
8862
18036
15873
10732
10537
8930
12442
10097
7495
14468
16707
8885
14637
17204
6785
15546
5026
19758
7136
6009
15222
14033
6256
18321
19306
17154
19721
17879
18497
18909
14832
6463
18531
16064
16608
17018
11433
14704
19326
11920
5217
18787
18994
9829
15661
9120
5975
5587
6791
6934
10634
6508
11508
18644
6357
6474
5073
15491
18072
19105
14546
5872
7381
16160
12836
18304
7645
19152
7560
9930
15352
9596
6615
15081
13833
14565
16907
14572
5324
12721
14772
14108
6214
18830
5694
7903
11196
9664
17403
18939
12410
12218
19392
13252
15389
6809
7719
13924
9092
6795
16614
13594
6148
5593
18181
13963
11255
5529
5512
6689
11390
15005
5197
17692
11797
9964
18451
6510
7775
5009
11677
13739
17061
12348
17911
17112
11329
9573
16560
7773
14320
10055
19266
13856
15784
18737
14155
10972
5331
19355
15700
16967
10067
5787
15609
13205
8121
18069
17778
9089
5501
6939
8920
9340
6561
15134
9896
13442
12976
18168
19327
9873
13214
5105
18068
19590
14456
5522
8450
17213
17072
19166
6481
6741
5064
19638
18406
16187
11238
18934
7791
6396
5285
9526
15538
16576
15941
15018
19751
14503
19091
13687
19679
19436
6323
6244
11361
12756
5161
7384
17659
11414
9602
14684
5371
8444
10432
12013
7840
8923
15690
15838
11593
6774
15580
5714
14063
15048
9240
5200
5287
8625
19110
10402
19865
7783
18666
12828
7217
17800
14335
11944
15268
12064
5448
6331
15017
9421
5962
10213
17059
8793
16794
10973
18548
10743
16419
9976
13838
8032
14053
11248
11502
14317
13616
5869
11605
5703
19035
14873
16156
7290
6969
10913
18771
10084
16900
11403
16901
12569
12215
5158
19816
16454
13592
5679
19391
5083
8355
5644
11020
6754
18152
19260
12852
7946
17022
12045
9591
15259
11019
9249
8311
15615
6028
17566
13553
14347
10841
13206
10383
13812
17860
13503
15670
5631
9437
8545
16525
17463
16380
14756
18219
16776
13346
9644
11996
15597
19713
16460
5971
18541
11206
5052
18893
6946
16792
9764
18990
8593
13182
19478
5461
6052
9850
7957
18678
10952
18308
12940
15755
16872
17220
19641
10560
8969
6426
19688
9126
18814
16259
14642
16781
19045
13272
15316
18875
14377
6330
15996
6656
10765
10789
5227
11262
11096
14153
7915
13876
5913
6255
10509
18716
19729
7169
11359
17959
11498
9897
19208
19465
5021
19813
8373
14740
7753
5752
11933
5341
15290
8113
11934
10873
7583
17235
15104
9652
9327
7974
8529
16434
5827
6566
6432
13641
9532
7918
11367
13525
19889
12955
12499
7594
15860
13435
5369
7835
8235
7924
15564
14933
16662
18187
6543
7127
9226
19144
15667
17592
6257
5898
16352
8817
18804
11759
14852
5386
8779
13022
18888
6402
7481
15569
8464
6583
16143
17341
6862
12664
8944
17530
19268
18637
11533
19715
14593
5095
16768
11579
18285
18087
8605
6473
19888
19834
19285
11746
11687
17636
13535
18110
11830
9820
14284
9436
19814
5373
10757
12975
14895
10271
13515
13106
12626
7434
17195
6584
7540
13541
7520
16121
14450
8192
12855
15987
11257
9268
12159
16027
5257
13576
18756
13225
6216
11344
17291
13010
5647
6529
15315
15088
8654
19282
17355
19372
14460
18294
9295
17551
12233
19217
18866
9273
18291
15509
10954
16912
15601
10730
13312
5588
9875
10091
18975
7839
9245
11312
9663
11398
13035
5387
19141
5720
6895
8711
15056
7983
14016
19973
19726
6982
6185
15938
9527
10819
15188
6715
6318
7069
5894
6345
18425
10668
5057
11627
11913
13513
17905
11358
14609
5365
5006
19155
17110
10173
11409
19675
8891
17132
13698
15351
8433
15051
17517
11971
7680
10449
13233
16988
9923
10681
12733
15425
15853
11407
10100
10211
16102
5071
10585
14783
9182
17254
17870
7509
12313
7465
17628
14094
7238
14812
10029
6219
15542
6620
13016
9665
10626
9787
10889
11829
5538
6215
16489
12856
12641
15490
6960
17529
7300
15582
9061
5374
19633
19648
13337
14931
8381
17941
6724
10172
17360
9142
11280
19927
7807
9221
11319
5398
10780
11269
7559
9094
15279
11059
8237
7124
16617
8914
19775
16201
10629
12767
5036
10630
19997
19367
10218
18492
17650
14907
